0.1 0.2 0.3 0.4 0.5 0.6 0.7 0.8 0.9
0.099172 0.19845 0.29782 0.39727 0.49678 0.59636 0.69599 0.79566 0.89537
0.098348 0.1969 0.29564 0.39453 0.49357 0.59272 0.69197 0.79132 0.89075
0.097527 0.19536 0.29347 0.39181 0.49035 0.58908 0.68797 0.78699 0.88614
0.09671 0.19382 0.2913 0.38908 0.48714 0.58545 0.68396 0.78266 0.88152
0.095897 0.19229 0.28913 0.38636 0.48393 0.58181 0.67996 0.77833 0.87691
0.095088 0.19076 0.28697 0.38364 0.48073 0.57818 0.67595 0.77401 0.8723
0.094282 0.18924 0.28481 0.38093 0.47753 0.57455 0.67195 0.76968 0.8677
0.093481 0.18773 0.28266 0.37822 0.47433 0.57092 0.66795 0.76536 0.86309
0.092683 0.18621 0.28051 0.37551 0.47113 0.5673 0.66395 0.76103 0.85848
0.09189 0.18471 0.27837 0.37281 0.46793 0.56367 0.65995 0.75671 0.85388
0.0911 0.1832 0.27623 0.37011 0.46474 0.56005 0.65595 0.75238 0.84927
0.090314 0.18171 0.2741 0.36741 0.46155 0.55643 0.65196 0.74806 0.84467
0.089533 0.18022 0.27198 0.36472 0.45836 0.55281 0.64796 0.74374 0.84006
0.088755 0.17873 0.26985 0.36204 0.45518 0.54919 0.64396 0.73941 0.83545
0.087981 0.17725 0.26774 0.35935 0.452 0.54557 0.63996 0.73508 0.83084
0.087212 0.17578 0.26563 0.35668 0.44882 0.54195 0.63596 0.73076 0.82623
0.086447 0.17431 0.26352 0.354 0.44564 0.53833 0.63196 0.72643 0.82162
0.085685 0.17285 0.26142 0.35133 0.44247 0.53472 0.62797 0.7221 0.817
0.084928 0.17139 0.25933 0.34867 0.4393 0.53111 0.62397 0.71776 0.81238
0.084175 0.16994 0.25724 0.34601 0.43613 0.52749 0.61997 0.71343 0.80776
0.083426 0.16849 0.25516 0.34335 0.43297 0.52388 0.61597 0.70909 0.80314
0.082682 0.16706 0.25309 0.34071 0.42981 0.52027 0.61197 0.70476 0.79851
0.081941 0.16562 0.25102 0.33806 0.42665 0.51667 0.60797 0.70042 0.79388
0.081205 0.1642 0.24896 0.33543 0.4235 0.51306 0.60397 0.69607 0.78925
0.080473 0.16278 0.24691 0.33279 0.42035 0.50946 0.59996 0.69173 0.78461
0.079745 0.16137 0.24486 0.33017 0.41721 0.50585 0.59596 0.68738 0.77997
0.079022 0.15996 0.24282 0.32755 0.41407 0.50226 0.59196 0.68304 0.77532
0.078303 0.15856 0.24079 0.32494 0.41094 0.49866 0.58796 0.67869 0.77068
0.077588 0.15717 0.23876 0.32233 0.40781 0.49507 0.58396 0.67434 0.76602
0.076877 0.15578 0.23674 0.31974 0.40468 0.49148 0.57996 0.66998 0.76137
0.076171 0.1544 0.23473 0.31714 0.40157 0.48789 0.57596 0.66563 0.75671
0.075469 0.15303 0.23273 0.31456 0.39845 0.48431 0.57197 0.66127 0.75205
0.074772 0.15167 0.23074 0.31199 0.39535 0.48073 0.56797 0.65692 0.74738
0.074078 0.15031 0.22875 0.30942 0.39225 0.47715 0.56398 0.65256 0.74271
0.073389 0.14896 0.22678 0.30686 0.38916 0.47358 0.55998 0.6482 0.73804
0.072705 0.14762 0.22481 0.30431 0.38607 0.47001 0.55599 0.64384 0.73336
0.072024 0.14628 0.22285 0.30176 0.383 0.46645 0.55201 0.63948 0.72869
0.071348 0.14495 0.2209 0.29923 0.37993 0.4629 0.54802 0.63512 0.72401
0.070677 0.14363 0.21896 0.29671 0.37686 0.45935 0.54404 0.63076 0.71932
0.07001 0.14231 0.21702 0.29419 0.37381 0.45581 0.54006 0.6264 0.71464
0.069347 0.14101 0.2151 0.29169 0.37076 0.45227 0.53609 0.62205 0.70995
0.068688 0.13971 0.21318 0.28919 0.36773 0.44874 0.53212 0.61769 0.70526
0.068034 0.13842 0.21128 0.2867 0.3647 0.44522 0.52815 0.61334 0.70057
0.067384 0.13713 0.20938 0.28423 0.36168 0.44171 0.5242 0.60898 0.69588
0.066739 0.13586 0.2075 0.28176 0.35868 0.4382 0.52024 0.60463 0.69118
0.066097 0.13459 0.20562 0.27931 0.35568 0.43471 0.51629 0.60029 0.68649
0.065461 0.13332 0.20376 0.27686 0.35269 0.43122 0.51235 0.59594 0.6818
0.064828 0.13207 0.2019 0.27443 0.34972 0.42774 0.50842 0.5916 0.67711
0.0642 0.13083 0.20005 0.27201 0.34675 0.42427 0.50449 0.58727 0.67242
0.063576 0.12959 0.19822 0.2696 0.3438 0.42081 0.50057 0.58294 0.66773
0.062957 0.12836 0.19639 0.2672 0.34085 0.41736 0.49666 0.57862 0.66304
0.062341 0.12713 0.19458 0.26481 0.33792 0.41393 0.49276 0.5743 0.65836
0.061731 0.12592 0.19277 0.26244 0.335 0.4105 0.48887 0.56998 0.65368
0.061124 0.12471 0.19098 0.26007 0.3321 0.40708 0.48498 0.56568 0.649
0.060522 0.12351 0.18919 0.25772 0.3292 0.40368 0.48111 0.56138 0.64432
0.059924 0.12232 0.18742 0.25538 0.32632 0.40029 0.47725 0.55709 0.63965
0.05933 0.12114 0.18565 0.25305 0.32346 0.39691 0.47339 0.55281 0.63499
0.05874 0.11996 0.1839 0.25074 0.3206 0.39354 0.46955 0.54853 0.63033
0.058155 0.1188 0.18216 0.24844 0.31776 0.39019 0.46572 0.54427 0.62568
0.057574 0.11764 0.18043 0.24615 0.31493 0.38685 0.46191 0.54002 0.62103
0.056997 0.11649 0.17871 0.24387 0.31212 0.38353 0.4581 0.53577 0.6164
0.056425 0.11534 0.177 0.24161 0.30932 0.38022 0.45431 0.53154 0.61177
0.055857 0.11421 0.1753 0.23936 0.30654 0.37692 0.45053 0.52732 0.60714
0.055292 0.11308 0.17362 0.23712 0.30376 0.37364 0.44677 0.52311 0.60253
0.054733 0.11196 0.17194 0.2349 0.30101 0.37037 0.44302 0.51891 0.59793
0.054177 0.11085 0.17028 0.23269 0.29827 0.36712 0.43929 0.51473 0.59333
0.053625 0.10974 0.16862 0.23049 0.29554 0.36388 0.43556 0.51056 0.58875
0.053078 0.10865 0.16698 0.22831 0.29283 0.36066 0.43186 0.5064 0.58418
0.052534 0.10756 0.16535 0.22614 0.29014 0.35746 0.42817 0.50226 0.57962
0.051995 0.10648 0.16373 0.22399 0.28746 0.35427 0.4245 0.49813 0.57507
0.05146 0.10541 0.16212 0.22185 0.28479 0.3511 0.42084 0.49401 0.57054
0.050929 0.10434 0.16052 0.21972 0.28214 0.34794 0.4172 0.48991 0.56602
0.050402 0.10328 0.15893 0.2176 0.27951 0.3448 0.41357 0.48583 0.56151
0.049879 0.10224 0.15736 0.2155 0.27689 0.34168 0.40997 0.48177 0.55702
0.049361 0.10119 0.15579 0.21342 0.27429 0.33858 0.40638 0.47772 0.55254
0.048846 0.10016 0.15424 0.21135 0.27171 0.33549 0.40281 0.47368 0.54808
0.048335 0.099136 0.1527 0.20929 0.26914 0.33242 0.39925 0.46967 0.54363
0.047828 0.098118 0.15117 0.20725 0.26659 0.32937 0.39572 0.46567 0.5392
0.047325 0.097108 0.14965 0.20522 0.26405 0.32634 0.3922 0.46169 0.53478
0.046827 0.096106 0.14814 0.2032 0.26153 0.32333 0.38871 0.45773 0.53039
0.046332 0.095111 0.14664 0.2012 0.25903 0.32033 0.38523 0.45379 0.52601
0.045841 0.094124 0.14515 0.19921 0.25655 0.31735 0.38177 0.44987 0.52165
0.045354 0.093145 0.14368 0.19724 0.25408 0.31439 0.37833 0.44596 0.5173
0.044871 0.092174 0.14222 0.19528 0.25162 0.31145 0.37491 0.44208 0.51298
0.044392 0.09121 0.14076 0.19334 0.24919 0.30853 0.37151 0.43822 0.50867
0.043916 0.090254 0.13932 0.19141 0.24677 0.30562 0.36813 0.43437 0.50439
0.043445 0.089305 0.13789 0.18949 0.24437 0.30274 0.36477 0.43055 0.50012
0.042977 0.088364 0.13647 0.18759 0.24199 0.29988 0.36143 0.42675 0.49588
0.042513 0.08743 0.13506 0.1857 0.23962 0.29703 0.35811 0.42297 0.49165
0.042053 0.086504 0.13366 0.18383 0.23727 0.2942 0.35481 0.41921 0.48745
0.041597 0.085585 0.13228 0.18197 0.23493 0.29139 0.35153 0.41547 0.48327
0.041144 0.084674 0.1309 0.18013 0.23262 0.28861 0.34828 0.41176 0.47911
0.040695 0.08377 0.12954 0.1783 0.23032 0.28584 0.34504 0.40806 0.47497
0.04025 0.082874 0.12818 0.17648 0.22803 0.28309 0.34183 0.40439 0.47085
0.039809 0.081985 0.12684 0.17468 0.22577 0.28036 0.33863 0.40074 0.46676
0.039371 0.081103 0.12551 0.17289 0.22352 0.27765 0.33546 0.39712 0.46269
0.038937 0.080229 0.12419 0.17112 0.22129 0.27495 0.33231 0.39351 0.45864
0.038507 0.079361 0.12288 0.16936 0.21907 0.27228 0.32918 0.38993 0.45462
0.03808 0.078501 0.12158 0.16761 0.21688 0.26963 0.32608 0.38637 0.45062
0.037657 0.077649 0.12029 0.16588 0.2147 0.267 0.32299 0.38284 0.44664
0.037237 0.076803 0.11901 0.16416 0.21253 0.26439 0.31993 0.37933 0.44269
0.036821 0.075965 0.11774 0.16246 0.21039 0.26179 0.31689 0.37584 0.43876
0.036409 0.075133 0.11648 0.16077 0.20826 0.25922 0.31387 0.37237 0.43485
0.036 0.074309 0.11524 0.15909 0.20615 0.25667 0.31087 0.36893 0.43097
0.035595 0.073492 0.114 0.15743 0.20405 0.25413 0.30789 0.36551 0.42712
0.035193 0.072681 0.11278 0.15578 0.20197 0.25162 0.30494 0.36212 0.42329
0.034795 0.071878 0.11156 0.15414 0.19991 0.24912 0.30201 0.35875 0.41948
0.0344 0.071082 0.11036 0.15252 0.19786 0.24665 0.2991 0.3554 0.4157
0.034008 0.070292 0.10916 0.15091 0.19584 0.24419 0.29621 0.35208 0.41195
0.03362 0.06951 0.10798 0.14932 0.19382 0.24175 0.29334 0.34878 0.40822
0.033236 0.068734 0.1068 0.14774 0.19183 0.23934 0.2905 0.34551 0.40451
0.032854 0.067965 0.10564 0.14617 0.18985 0.23694 0.28768 0.34226 0.40084
0.032476 0.067203 0.10448 0.14462 0.18789 0.23456 0.28488 0.33903 0.39718
0.032102 0.066447 0.10334 0.14308 0.18594 0.2322 0.2821 0.33583 0.39356
0.031731 0.065698 0.10221 0.14155 0.18401 0.22987 0.27934 0.33265 0.38995
0.031363 0.064956 0.10108 0.14004 0.1821 0.22755 0.27661 0.3295 0.38638
0.030998 0.06422 0.099968 0.13853 0.18021 0.22525 0.2739 0.32637 0.38283
0.030637 0.063491 0.098863 0.13705 0.17833 0.22296 0.27121 0.32326 0.37931
0.030279 0.062769 0.097769 0.13557 0.17646 0.2207 0.26854 0.32018 0.37581
0.029924 0.062053 0.096685 0.13411 0.17461 0.21846 0.26589 0.31713 0.37234
0.029572 0.061344 0.09561 0.13266 0.17278 0.21624 0.26327 0.31409 0.36889
0.029224 0.060641 0.094545 0.13123 0.17097 0.21403 0.26067 0.31109 0.36547
0.028879 0.059944 0.093489 0.1298 0.16917 0.21185 0.25808 0.3081 0.36208
0.028537 0.059254 0.092443 0.12839 0.16738 0.20968 0.25552 0.30514 0.35871
0.028198 0.05857 0.091407 0.127 0.16562 0.20753 0.25299 0.30221 0.35537
0.027862 0.057892 0.09038 0.12561 0.16386 0.2054 0.25047 0.29929 0.35206
0.027529 0.057221 0.089362 0.12424 0.16213 0.20329 0.24798 0.29641 0.34877
0.027199 0.056555 0.088354 0.12288 0.16041 0.2012 0.2455 0.29354 0.34551
0.026873 0.055896 0.087355 0.12153 0.1587 0.19912 0.24305 0.2907 0.34228
0.026549 0.055244 0.086366 0.1202 0.15701 0.19707 0.24062 0.28789 0.33907
0.026229 0.054597 0.085386 0.11887 0.15534 0.19503 0.23821 0.28509 0.33588
0.025911 0.053956 0.084414 0.11756 0.15368 0.19301 0.23582 0.28232 0.33273
0.025597 0.053321 0.083452 0.11627 0.15203 0.19101 0.23345 0.27958 0.32959
0.025285 0.052693 0.082499 0.11498 0.1504 0.18903 0.23111 0.27686 0.32649
0.024977 0.05207 0.081555 0.11371 0.14879 0.18707 0.22878 0.27416 0.32341
0.024671 0.051453 0.08062 0.11244 0.14719 0.18512 0.22648 0.27149 0.32036
0.024368 0.050842 0.079694 0.11119 0.14561 0.18319 0.22419 0.26884 0.31733
0.024068 0.050237 0.078776 0.10996 0.14404 0.18128 0.22193 0.26621 0.31433
0.023771 0.049638 0.077868 0.10873 0.14248 0.17939 0.21969 0.2636 0.31135
0.023477 0.049044 0.076968 0.10751 0.14094 0.17751 0.21746 0.26102 0.3084
0.023186 0.048457 0.076077 0.10631 0.13942 0.17566 0.21526 0.25847 0.30548
0.022898 0.047874 0.075194 0.10512 0.13791 0.17381 0.21308 0.25593 0.30258
0.022612 0.047298 0.07432 0.10394 0.13641 0.17199 0.21092 0.25342 0.2997
0.022329 0.046727 0.073455 0.10277 0.13493 0.17019 0.20878 0.25093 0.29685
0.022049 0.046162 0.072598 0.10161 0.13346 0.1684 0.20665 0.24846 0.29403
0.021772 0.045603 0.071749 0.10047 0.13201 0.16663 0.20455 0.24602 0.29123
0.021497 0.045048 0.070909 0.099332 0.13057 0.16487 0.20247 0.2436 0.28846
0.021225 0.0445 0.070077 0.098209 0.12915 0.16313 0.20041 0.2412 0.28571
0.020956 0.043957 0.069253 0.097096 0.12773 0.16141 0.19836 0.23882 0.28299
0.02069 0.043419 0.068437 0.095994 0.12634 0.15971 0.19634 0.23647 0.28029
0.020426 0.042887 0.06763 0.094904 0.12495 0.15802 0.19434 0.23413 0.27762
0.020165 0.042359 0.066831 0.093824 0.12358 0.15635 0.19235 0.23182 0.27497
0.019906 0.041838 0.066039 0.092755 0.12223 0.15469 0.19039 0.22953 0.27234
0.01965 0.041321 0.065256 0.091696 0.12088 0.15305 0.18844 0.22727 0.26974
0.019397 0.04081 0.06448 0.090649 0.11955 0.15143 0.18651 0.22502 0.26716
0.019146 0.040304 0.063713 0.089612 0.11824 0.14983 0.1846 0.2228 0.26461
0.018898 0.039803 0.062953 0.088585 0.11693 0.14823 0.18271 0.22059 0.26208
0.018652 0.039307 0.062201 0.087569 0.11564 0.14666 0.18084 0.21841 0.25958
0.018409 0.038817 0.061457 0.086563 0.11437 0.1451 0.17899 0.21625 0.2571
0.018168 0.038331 0.06072 0.085568 0.1131 0.14356 0.17716 0.21411 0.25464
0.01793 0.037851 0.059991 0.084582 0.11185 0.14203 0.17534 0.212 0.25221
0.017694 0.037375 0.05927 0.083607 0.11062 0.14052 0.17354 0.2099 0.2498
0.017461 0.036904 0.058556 0.082642 0.10939 0.13902 0.17176 0.20782 0.24741
0.01723 0.036439 0.057849 0.081687 0.10818 0.13754 0.17 0.20577 0.24505
0.017002 0.035978 0.05715 0.080742 0.10698 0.13607 0.16825 0.20373 0.24271
0.016776 0.035522 0.056458 0.079807 0.10579 0.13462 0.16653 0.20172 0.24039
0.016552 0.035071 0.055774 0.078882 0.10461 0.13319 0.16482 0.19972 0.2381
0.016331 0.034624 0.055097 0.077966 0.10345 0.13177 0.16313 0.19775 0.23583
0.016112 0.034183 0.054427 0.077061 0.1023 0.13036 0.16145 0.19579 0.23358
0.015896 0.033746 0.053764 0.076164 0.10116 0.12897 0.1598 0.19386 0.23135
0.015681 0.033313 0.053108 0.075278 0.10003 0.12759 0.15816 0.19194 0.22915
0.015469 0.032886 0.052459 0.0744 0.09892 0.12623 0.15653 0.19005 0.22696
0.01526 0.032463 0.051817 0.073533 0.097817 0.12488 0.15493 0.18817 0.2248
0.015052 0.032044 0.051183 0.072674 0.096726 0.12355 0.15334 0.18631 0.22267
0.014847 0.03163 0.050555 0.071825 0.095647 0.12223 0.15177 0.18448 0.22055
0.014644 0.031221 0.049933 0.070985 0.094579 0.12092 0.15021 0.18266 0.21845
0.014443 0.030816 0.049319 0.070154 0.093523 0.11963 0.14867 0.18086 0.21638
0.014245 0.030416 0.048711 0.069332 0.092478 0.11835 0.14715 0.17908 0.21433
0.014049 0.03002 0.048111 0.068519 0.091445 0.11709 0.14564 0.17731 0.2123
0.013854 0.029628 0.047516 0.067715 0.090423 0.11584 0.14415 0.17557 0.21029
0.013662 0.029241 0.046928 0.06692 0.089412 0.1146 0.14268 0.17385 0.2083
0.013473 0.028858 0.046347 0.066134 0.088412 0.11338 0.14122 0.17214 0.20633
0.013285 0.028479 0.045773 0.065357 0.087423 0.11217 0.13978 0.17045 0.20438
0.013099 0.028104 0.045204 0.064588 0.086446 0.11097 0.13835 0.16878 0.20245
0.012916 0.027734 0.044642 0.063828 0.085479 0.10979 0.13694 0.16713 0.20055
0.012734 0.027368 0.044087 0.063076 0.084523 0.10862 0.13554 0.16549 0.19866
0.012555 0.027006 0.043538 0.062333 0.083578 0.10746 0.13416 0.16388 0.19679
0.012377 0.026648 0.042995 0.061598 0.082643 0.10631 0.1328 0.16228 0.19495
0.012202 0.026295 0.042458 0.060872 0.081719 0.10518 0.13145 0.1607 0.19312
0.012029 0.025945 0.041927 0.060154 0.080805 0.10406 0.13011 0.15913 0.19131
0.011857 0.025599 0.041402 0.059444 0.079902 0.10296 0.12879 0.15759 0.18953
0.011688 0.025258 0.040884 0.058742 0.079009 0.10186 0.12748 0.15606 0.18776
0.011521 0.02492 0.040371 0.058048 0.078126 0.10078 0.12619 0.15454 0.18601
0.011355 0.024586 0.039865 0.057363 0.077253 0.099712 0.12492 0.15305 0.18428
0.011192 0.024256 0.039364 0.056685 0.076391 0.098655 0.12365 0.15157 0.18257
0.01103 0.02393 0.038869 0.056015 0.075538 0.097611 0.12241 0.1501 0.18088
0.01087 0.023608 0.03838 0.055353 0.074696 0.096578 0.12117 0.14866 0.17921
0.010712 0.02329 0.037897 0.054699 0.073863 0.095557 0.11995 0.14723 0.17755
0.010556 0.022975 0.03742 0.054053 0.07304 0.094548 0.11875 0.14581 0.17592
0.010402 0.022665 0.036948 0.053414 0.072226 0.093551 0.11756 0.14441 0.1743
0.01025 0.022357 0.036482 0.052783 0.071423 0.092566 0.11638 0.14303 0.1727
0.0101 0.022054 0.036021 0.052159 0.070628 0.091592 0.11522 0.14167 0.17112
0.009951 0.021754 0.035566 0.051543 0.069844 0.090629 0.11406 0.14032 0.16955
0.0098042 0.021458 0.035116 0.050934 0.069068 0.089678 0.11293 0.13898 0.16801
0.0096592 0.021166 0.034672 0.050332 0.068302 0.088739 0.1118 0.13766 0.16648
0.0095159 0.020877 0.034233 0.049738 0.067545 0.08781 0.11069 0.13636 0.16497
0.0093744 0.020591 0.0338 0.049151 0.066797 0.086893 0.1096 0.13507 0.16348
0.0092347 0.020309 0.033372 0.048571 0.066059 0.085986 0.10851 0.1338 0.162
0.0090966 0.020031 0.032949 0.047999 0.065329 0.085091 0.10744 0.13254 0.16054
0.0089603 0.019756 0.032532 0.047433 0.064608 0.084206 0.10638 0.13129 0.1591
0.0088257 0.019484 0.032119 0.046874 0.063896 0.083333 0.10534 0.13006 0.15768
0.0086927 0.019216 0.031712 0.046323 0.063193 0.082469 0.1043 0.12885 0.15627
0.0085614 0.018951 0.03131 0.045778 0.062498 0.081617 0.10328 0.12765 0.15488
0.0084318 0.01869 0.030913 0.04524 0.061812 0.080775 0.10227 0.12647 0.1535
0.0083038 0.018432 0.030521 0.044709 0.061135 0.079943 0.10128 0.12529 0.15214
0.0081774 0.018177 0.030134 0.044184 0.060466 0.079122 0.1003 0.12414 0.1508
0.0080527 0.017925 0.029751 0.043666 0.059806 0.07831 0.099324 0.12299 0.14947
0.0079295 0.017677 0.029374 0.043155 0.059154 0.077509 0.098364 0.12186 0.14816
0.007808 0.017432 0.029002 0.04265 0.05851 0.076718 0.097417 0.12075 0.14687
0.007688 0.01719 0.028634 0.042151 0.057874 0.075937 0.096481 0.11965 0.14559
0.0075696 0.016951 0.028271 0.041659 0.057246 0.075166 0.095557 0.11856 0.14432
0.0074527 0.016715 0.027913 0.041174 0.056627 0.074405 0.094644 0.11749 0.14308
0.0073373 0.016482 0.027559 0.040694 0.056015 0.073653 0.093743 0.11642 0.14184
0.0072235 0.016252 0.02721 0.040221 0.055412 0.072911 0.092853 0.11538 0.14063
0.0071111 0.016026 0.026866 0.039754 0.054816 0.072179 0.091975 0.11434 0.13942
0.0070003 0.015802 0.026526 0.039294 0.054228 0.071456 0.091108 0.11332 0.13823
0.0068909 0.015582 0.026191 0.038839 0.053648 0.070742 0.090252 0.11231 0.13706
0.006783 0.015364 0.02586 0.03839 0.053075 0.070038 0.089407 0.11132 0.1359
0.0066765 0.015149 0.025534 0.037948 0.05251 0.069342 0.088572 0.11033 0.13476
0.0065715 0.014937 0.025212 0.037511 0.051952 0.068656 0.087749 0.10936 0.13363
0.0064679 0.014728 0.024894 0.03708 0.051402 0.067979 0.086937 0.1084 0.13251
0.0063657 0.014522 0.024581 0.036655 0.050859 0.067311 0.086135 0.10746 0.13141
0.0062649 0.014319 0.024272 0.036235 0.050323 0.066652 0.085343 0.10652 0.13032
0.0061655 0.014118 0.023967 0.035822 0.049795 0.066002 0.084562 0.1056 0.12925
0.0060675 0.01392 0.023666 0.035414 0.049274 0.06536 0.083791 0.10469 0.12819
0.0059708 0.013725 0.02337 0.035011 0.04876 0.064727 0.083031 0.10379 0.12715
0.0058755 0.013533 0.023077 0.034614 0.048252 0.064103 0.082281 0.10291 0.12611
0.0057815 0.013343 0.022789 0.034223 0.047752 0.063487 0.08154 0.10203 0.12509
0.0056888 0.013156 0.022505 0.033837 0.047259 0.062879 0.08081 0.10117 0.12409
0.0055974 0.012972 0.022224 0.033457 0.046773 0.06228 0.08009 0.10032 0.1231
0.0055074 0.01279 0.021948 0.033081 0.046293 0.061689 0.079379 0.099481 0.12212
0.0054186 0.012611 0.021676 0.032711 0.04582 0.061106 0.078678 0.098653 0.12115
0.0053311 0.012434 0.021407 0.032347 0.045354 0.060531 0.077987 0.097835 0.1202
0.0052448 0.01226 0.021142 0.031987 0.044894 0.059964 0.077305 0.097029 0.11926
0.0051598 0.012089 0.020881 0.031633 0.044441 0.059405 0.076633 0.096234 0.11833
0.0050761 0.01192 0.020624 0.031284 0.043994 0.058855 0.07597 0.09545 0.11741
0.0049935 0.011753 0.020371 0.030939 0.043553 0.058311 0.075316 0.094676 0.11651
0.0049122 0.011589 0.020121 0.0306 0.043119 0.057776 0.074671 0.093913 0.11562
0.0048321 0.011427 0.019875 0.030266 0.042692 0.057248 0.074036 0.093161 0.11474
0.0047531 0.011268 0.019633 0.029936 0.04227 0.056728 0.073409 0.092419 0.11387
0.0046754 0.011111 0.019394 0.029612 0.041854 0.056215 0.072792 0.091688 0.11301
0.0045987 0.010956 0.019159 0.029292 0.041445 0.05571 0.072183 0.090967 0.11217
0.0045233 0.010804 0.018927 0.028977 0.041042 0.055212 0.071582 0.090255 0.11134
0.004449 0.010654 0.018699 0.028667 0.040644 0.054721 0.070991 0.089555 0.11052
0.0043758 0.010506 0.018474 0.028361 0.040253 0.054237 0.070408 0.088864 0.10971
0.0043037 0.010361 0.018252 0.02806 0.039867 0.053761 0.069833 0.088182 0.10891
0.0042328 0.010218 0.018034 0.027763 0.039487 0.053291 0.069267 0.087511 0.10813
0.0041629 0.010076 0.017819 0.027471 0.039113 0.052829 0.06871 0.086849 0.10735
0.0040941 0.0099376 0.017608 0.027183 0.038744 0.052374 0.06816 0.086197 0.10659
0.0040264 0.0098009 0.0174 0.0269 0.038381 0.051925 0.067618 0.085555 0.10583
0.0039598 0.0096663 0.017195 0.026622 0.038024 0.051483 0.067085 0.084922 0.10509
0.0038942 0.0095339 0.016993 0.026347 0.037672 0.051048 0.06656 0.084298 0.10436
0.0038296 0.0094035 0.016795 0.026077 0.037325 0.050619 0.066042 0.083683 0.10364
0.0037661 0.0092752 0.016599 0.025811 0.036984 0.050197 0.065532 0.083078 0.10293
0.0037036 0.009149 0.016407 0.025549 0.036648 0.049782 0.06503 0.082481 0.10223
0.0036421 0.0090247 0.016218 0.025291 0.036318 0.049373 0.064536 0.081893 0.10154
0.0035816 0.0089025 0.016032 0.025038 0.035993 0.04897 0.064049 0.081315 0.10086
0.003522 0.0087823 0.015848 0.024788 0.035672 0.048574 0.06357 0.080745 0.10019
0.0034635 0.008664 0.015668 0.024543 0.035357 0.048183 0.063098 0.080183 0.09953
0.0034059 0.0085476 0.015491 0.024301 0.035047 0.047799 0.062633 0.079631 0.09888
0.0033492 0.0084332 0.015316 0.024064 0.034742 0.047421 0.062176 0.079086 0.09824
0.0032935 0.0083207 0.015145 0.02383 0.034442 0.047049 0.061726 0.07855 0.09761
0.0032388 0.00821 0.014976 0.0236 0.034147 0.046683 0.061283 0.078023 0.096989
0.0031849 0.0081012 0.01481 0.023374 0.033856 0.046323 0.060847 0.077503 0.096378
0.003132 0.0079942 0.014647 0.023152 0.033571 0.045969 0.060418 0.076992 0.095776
0.0030799 0.0078891 0.014487 0.022933 0.03329 0.045621 0.059995 0.076489 0.095183
0.0030288 0.0077857 0.014329 0.022718 0.033013 0.045278 0.05958 0.075994 0.0946
0.0029785 0.0076841 0.014174 0.022507 0.032742 0.044941 0.059171 0.075506 0.094025
0.0029291 0.0075843 0.014022 0.022299 0.032474 0.044609 0.058769 0.075027 0.09346
0.0028805 0.0074861 0.013872 0.022095 0.032212 0.044283 0.058374 0.074555 0.092904
0.0028329 0.0073897 0.013725 0.021894 0.031954 0.043963 0.057985 0.074091 0.092356
0.002786 0.007295 0.013581 0.021697 0.0317 0.043647 0.057602 0.073634 0.091817
0.00274 0.007202 0.013439 0.021503 0.03145 0.043337 0.057226 0.073185 0.091287
0.0026948 0.0071106 0.013299 0.021313 0.031205 0.043033 0.056856 0.072743 0.090765
0.0026503 0.0070208 0.013162 0.021126 0.030965 0.042733 0.056493 0.072308 0.090251
0.0026067 0.0069326 0.013028 0.020942 0.030728 0.042439 0.056135 0.07188 0.089746
0.0025639 0.0068461 0.012896 0.020762 0.030495 0.04215 0.055784 0.07146 0.089249
0.0025219 0.0067611 0.012766 0.020584 0.030267 0.041866 0.055438 0.071047 0.088761
0.0024806 0.0066776 0.012638 0.02041 0.030043 0.041587 0.055099 0.07064 0.08828
0.0024401 0.0065957 0.012513 0.020239 0.029822 0.041312 0.054765 0.070241 0.087807
0.0024004 0.0065153 0.01239 0.020072 0.029606 0.041043 0.054437 0.069848 0.087342
0.0023614 0.0064364 0.01227 0.019907 0.029393 0.040778 0.054115 0.069462 0.086885
0.0023231 0.006359 0.012152 0.019745 0.029185 0.040519 0.053799 0.069083 0.086436
0.0022856 0.006283 0.012036 0.019586 0.02898 0.040263 0.053488 0.06871 0.085994
0.0022487 0.0062085 0.011922 0.019431 0.028779 0.040013 0.053183 0.068344 0.08556
0.0022126 0.0061354 0.01181 0.019278 0.028581 0.039767 0.052883 0.067984 0.085133
0.0021772 0.0060637 0.0117 0.019128 0.028388 0.039525 0.052588 0.067631 0.084713
0.0021424 0.0059934 0.011593 0.018981 0.028198 0.039288 0.052299 0.067284 0.084301
0.0021084 0.0059244 0.011487 0.018836 0.028011 0.039055 0.052015 0.066943 0.083896
0.002075 0.0058568 0.011384 0.018695 0.027828 0.038827 0.051736 0.066608 0.083498
0.0020422 0.0057906 0.011283 0.018556 0.027649 0.038603 0.051463 0.066279 0.083107
0.0020101 0.0057256 0.011183 0.01842 0.027473 0.038383 0.051194 0.065956 0.082723
0.0019787 0.005662 0.011086 0.018286 0.0273 0.038168 0.050931 0.065639 0.082346
0.0019479 0.0055996 0.01099 0.018156 0.027131 0.037956 0.050672 0.065327 0.081975
0.0019177 0.0055385 0.010897 0.018027 0.026965 0.037749 0.050419 0.065022 0.081611
0.0018881 0.0054786 0.010805 0.017902 0.026803 0.037545 0.05017 0.064722 0.081254
0.0018592 0.0054199 0.010715 0.017779 0.026643 0.037346 0.049926 0.064428 0.080903
0.0018308 0.0053625 0.010628 0.017658 0.026487 0.03715 0.049686 0.064139 0.080559
0.0018031 0.0053063 0.010541 0.01754 0.026334 0.036958 0.049451 0.063856 0.080221
0.0017759 0.0052512 0.010457 0.017424 0.026184 0.036771 0.049221 0.063578 0.079889
0.0017493 0.0051973 0.010374 0.017311 0.026037 0.036586 0.048996 0.063306 0.079564
0.0017232 0.0051445 0.010294 0.0172 0.025893 0.036406 0.048774 0.063038 0.079244
0.0016978 0.0050929 0.010214 0.017091 0.025752 0.036229 0.048557 0.062776 0.078931
0.0016728 0.0050424 0.010137 0.016985 0.025614 0.036056 0.048345 0.062519 0.078624
0.0016485 0.004993 0.010061 0.016881 0.025479 0.035886 0.048137 0.062267 0.078322
0.0016246 0.0049446 0.0099871 0.016779 0.025347 0.03572 0.047933 0.06202 0.078026
0.0016013 0.0048973 0.0099146 0.016679 0.025217 0.035558 0.047733 0.061778 0.077736
0.0015785 0.0048511 0.0098436 0.016581 0.02509 0.035399 0.047537 0.061541 0.077452
0.0015562 0.0048059 0.0097743 0.016486 0.024966 0.035243 0.047345 0.061309 0.077173
0.0015344 0.0047617 0.0097065 0.016393 0.024845 0.03509 0.047157 0.061081 0.0769
0.0015131 0.0047185 0.0096402 0.016301 0.024726 0.034941 0.046974 0.060858 0.076632
0.0014923 0.0046763 0.0095754 0.016212 0.02461 0.034795 0.046794 0.060639 0.07637
0.001472 0.0046351 0.0095121 0.016125 0.024497 0.034652 0.046617 0.060425 0.076112
0.0014521 0.0045948 0.0094502 0.01604 0.024386 0.034512 0.046445 0.060216 0.07586
0.0014328 0.0045555 0.0093898 0.015957 0.024277 0.034375 0.046276 0.060011 0.075614
0.0014138 0.0045171 0.0093307 0.015875 0.024171 0.034242 0.046111 0.05981 0.075372
0.0013954 0.0044796 0.0092731 0.015796 0.024068 0.034111 0.04595 0.059613 0.075135
0.0013773 0.004443 0.0092168 0.015718 0.023967 0.033983 0.045792 0.059421 0.074903
0.0013598 0.0044073 0.0091619 0.015642 0.023868 0.033858 0.045638 0.059233 0.074676
0.0013426 0.0043724 0.0091083 0.015568 0.023771 0.033736 0.045487 0.059049 0.074454
0.0013259 0.0043384 0.009056 0.015496 0.023677 0.033617 0.045339 0.058869 0.074236
0.0013095 0.0043053 0.009005 0.015426 0.023585 0.033501 0.045195 0.058693 0.074024
0.0012936 0.0042729 0.0089552 0.015357 0.023495 0.033387 0.045054 0.058521 0.073815
0.0012781 0.0042414 0.0089067 0.01529 0.023407 0.033276 0.044917 0.058352 0.073612
0.001263 0.0042107 0.0088594 0.015225 0.023322 0.033168 0.044782 0.058188 0.073412
0.0012483 0.0041808 0.0088133 0.015161 0.023238 0.033062 0.044651 0.058027 0.073217
0.0012339 0.0041516 0.0087683 0.015099 0.023157 0.032959 0.044523 0.05787 0.073027
0.00122 0.0041232 0.0087245 0.015038 0.023077 0.032858 0.044398 0.057716 0.07284
0.0012064 0.0040955 0.0086819 0.014979 0.023 0.03276 0.044275 0.057567 0.072658
0.0011931 0.0040686 0.0086404 0.014921 0.022925 0.032664 0.044156 0.05742 0.07248
0.0011803 0.0040424 0.0085999 0.014865 0.022851 0.032571 0.04404 0.057277 0.072306
0.0011677 0.0040169 0.0085606 0.014811 0.02278 0.03248 0.043926 0.057138 0.072136
0.0011555 0.0039921 0.0085223 0.014758 0.02271 0.032391 0.043816 0.057001 0.07197
0.0011437 0.0039679 0.008485 0.014706 0.022642 0.032304 0.043708 0.056868 0.071808
0.0011321 0.0039445 0.0084488 0.014656 0.022576 0.03222 0.043602 0.056739 0.07165
0.0011209 0.0039217 0.0084135 0.014607 0.022511 0.032138 0.0435 0.056612 0.071495
0.0011101 0.0038995 0.0083793 0.014559 0.022449 0.032058 0.0434 0.056489 0.071345
0.0010995 0.003878 0.008346 0.014513 0.022388 0.03198 0.043303 0.056369 0.071197
0.0010892 0.0038571 0.0083136 0.014468 0.022328 0.031905 0.043208 0.056251 0.071054
0.0010793 0.0038367 0.0082822 0.014424 0.022271 0.031831 0.043115 0.056137 0.070914
0.0010696 0.003817 0.0082517 0.014382 0.022215 0.031759 0.043025 0.056026 0.070777
0.0010602 0.0037979 0.008222 0.01434 0.02216 0.03169 0.042938 0.055917 0.070644
0.0010511 0.0037793 0.0081933 0.0143 0.022107 0.031622 0.042853 0.055812 0.070514
0.0010423 0.0037613 0.0081654 0.014261 0.022056 0.031556 0.04277 0.055709 0.070387
0.0010337 0.0037439 0.0081383 0.014224 0.022006 0.031492 0.042689 0.055608 0.070264
0.0010254 0.0037269 0.0081121 0.014187 0.021958 0.03143 0.042611 0.055511 0.070143
0.0010174 0.0037106 0.0080867 0.014152 0.021911 0.031369 0.042535 0.055416 0.070026
0.0010096 0.0036947 0.008062 0.014117 0.021865 0.031311 0.042461 0.055324 0.069912
0.0010021 0.0036793 0.0080381 0.014084 0.021821 0.031254 0.042389 0.055234 0.069801
0.00099482 0.0036644 0.008015 0.014051 0.021778 0.031198 0.042319 0.055147 0.069693
0.00098778 0.00365 0.0079927 0.01402 0.021736 0.031145 0.042251 0.055062 0.069588
0.00098097 0.0036361 0.007971 0.01399 0.021696 0.031093 0.042185 0.054979 0.069486
0.00097438 0.0036226 0.0079501 0.01396 0.021657 0.031042 0.042121 0.054899 0.069386
0.00096802 0.0036096 0.0079298 0.013932 0.021619 0.030993 0.042059 0.054822 0.06929
0.00096188 0.0035971 0.0079102 0.013905 0.021582 0.030946 0.041999 0.054746 0.069196
0.00095595 0.0035849 0.0078913 0.013878 0.021547 0.0309 0.041941 0.054673 0.069104
0.00095022 0.0035732 0.0078731 0.013852 0.021513 0.030856 0.041884 0.054601 0.069015
0.0009447 0.0035619 0.0078554 0.013828 0.02148 0.030813 0.041829 0.054532 0.068929
0.00093938 0.003551 0.0078384 0.013804 0.021448 0.030771 0.041776 0.054465 0.068845
0.00093425 0.0035405 0.007822 0.013781 0.021417 0.030731 0.041725 0.054401 0.068764
0.0009293 0.0035303 0.0078062 0.013758 0.021387 0.030692 0.041675 0.054338 0.068685
0.00092454 0.0035206 0.0077909 0.013737 0.021358 0.030655 0.041627 0.054277 0.068608
0.00091996 0.0035112 0.0077762 0.013716 0.02133 0.030618 0.04158 0.054218 0.068534
0.00091556 0.0035022 0.0077621 0.013696 0.021303 0.030583 0.041535 0.054161 0.068462
0.00091132 0.0034935 0.0077485 0.013677 0.021277 0.030549 0.041492 0.054105 0.068392
0.00090725 0.0034851 0.0077354 0.013658 0.021253 0.030517 0.04145 0.054052 0.068325
0.00090335 0.0034771 0.0077228 0.01364 0.021229 0.030485 0.041409 0.054 0.068259
0.00089959 0.0034694 0.0077107 0.013623 0.021205 0.030455 0.04137 0.05395 0.068196
0.00089599 0.003462 0.0076991 0.013607 0.021183 0.030426 0.041332 0.053901 0.068134
0.00089254 0.0034549 0.0076879 0.013591 0.021162 0.030397 0.041296 0.053855 0.068075
0.00088924 0.0034481 0.0076772 0.013576 0.021141 0.03037 0.041261 0.05381 0.068018
0.00088607 0.0034415 0.007667 0.013561 0.021121 0.030344 0.041227 0.053766 0.067962
0.00088304 0.0034353 0.0076572 0.013547 0.021102 0.030319 0.041194 0.053724 0.067908
0.00088014 0.0034293 0.0076477 0.013534 0.021084 0.030295 0.041163 0.053683 0.067856
0.00087737 0.0034236 0.0076387 0.013521 0.021067 0.030272 0.041132 0.053644 0.067806
0.00087473 0.0034181 0.0076301 0.013509 0.02105 0.03025 0.041103 0.053607 0.067758
0.0008722 0.0034129 0.0076219 0.013497 0.021034 0.030228 0.041075 0.05357 0.067711
0.00086979 0.003408 0.007614 0.013485 0.021018 0.030208 0.041048 0.053535 0.067666
0.0008675 0.0034032 0.0076065 0.013475 0.021004 0.030188 0.041022 0.053502 0.067623
0.00086532 0.0033987 0.0075994 0.013464 0.02099 0.030169 0.040998 0.05347 0.067581
0.00086324 0.0033944 0.0075925 0.013455 0.020976 0.030151 0.040974 0.053438 0.067541
0.00086126 0.0033903 0.0075861 0.013445 0.020963 0.030134 0.040951 0.053409 0.067502
0.00085938 0.0033864 0.0075799 0.013436 0.020951 0.030117 0.040929 0.05338 0.067465
0.0008576 0.0033827 0.007574 0.013428 0.020939 0.030102 0.040908 0.053352 0.067429
0.00085592 0.0033792 0.0075684 0.01342 0.020928 0.030087 0.040888 0.053326 0.067394
0.00085432 0.0033759 0.0075631 0.013412 0.020917 0.030072 0.040869 0.053301 0.067361
0.0008528 0.0033728 0.0075581 0.013405 0.020907 0.030059 0.040851 0.053277 0.067329
0.00085137 0.0033698 0.0075534 0.013398 0.020898 0.030046 0.040833 0.053253 0.067298
0.00085002 0.003367 0.0075489 0.013391 0.020889 0.030033 0.040817 0.053231 0.067269
0.00084875 0.0033643 0.0075446 0.013385 0.02088 0.030021 0.040801 0.05321 0.067241
0.00084755 0.0033618 0.0075406 0.013379 0.020872 0.03001 0.040786 0.05319 0.067214
0.00084642 0.0033595 0.0075368 0.013374 0.020864 0.029999 0.040771 0.05317 0.067188
0.00084536 0.0033573 0.0075332 0.013369 0.020857 0.029989 0.040757 0.053152 0.067163
0.00084436 0.0033552 0.0075299 0.013364 0.02085 0.02998 0.040744 0.053134 0.06714
0.00084343 0.0033532 0.0075267 0.013359 0.020843 0.029971 0.040732 0.053117 0.067117
0.00084256 0.0033514 0.0075238 0.013355 0.020837 0.029962 0.04072 0.053101 0.067096
0.00084174 0.0033497 0.007521 0.013351 0.020831 0.029954 0.040709 0.053086 0.067075
0.00084098 0.0033481 0.0075184 0.013347 0.020826 0.029946 0.040699 0.053072 0.067055
0.00084027 0.0033466 0.007516 0.013343 0.02082 0.029939 0.040689 0.053058 0.067037
0.00083961 0.0033452 0.0075137 0.01334 0.020816 0.029932 0.040679 0.053045 0.067019
0.000839 0.0033439 0.0075116 0.013337 0.020811 0.029926 0.04067 0.053033 0.067002
0.00083843 0.0033427 0.0075097 0.013334 0.020807 0.02992 0.040662 0.053021 0.066986
0.00083791 0.0033416 0.0075078 0.013331 0.020803 0.029914 0.040654 0.05301 0.066971
0.00083742 0.0033406 0.0075061 0.013328 0.020799 0.029909 0.040646 0.052999 0.066956
0.00083698 0.0033396 0.0075046 0.013326 0.020796 0.029904 0.040639 0.05299 0.066942
0.00083657 0.0033388 0.0075032 0.013324 0.020793 0.029899 0.040633 0.05298 0.066929
0.00083619 0.003338 0.0075018 0.013322 0.02079 0.029895 0.040627 0.052972 0.066917
0.00083585 0.0033372 0.0075006 0.01332 0.020787 0.029891 0.040621 0.052963 0.066905
0.00083554 0.0033366 0.0074995 0.013318 0.020784 0.029887 0.040615 0.052956 0.066894
0.00083526 0.003336 0.0074985 0.013317 0.020782 0.029884 0.04061 0.052948 0.066884
0.000835 0.0033354 0.0074976 0.013315 0.02078 0.029881 0.040606 0.052941 0.066874
0.00083477 0.0033349 0.0074967 0.013314 0.020778 0.029878 0.040601 0.052935 0.066865
0.00083456 0.0033345 0.0074959 0.013313 0.020776 0.029875 0.040597 0.052929 0.066856
0.00083437 0.0033341 0.0074953 0.013312 0.020774 0.029873 0.040594 0.052924 0.066848
0.00083421 0.0033337 0.0074946 0.013311 0.020773 0.02987 0.04059 0.052918 0.06684
0.00083406 0.0033334 0.0074941 0.01331 0.020771 0.029868 0.040587 0.052914 0.066833
0.00083393 0.0033331 0.0074936 0.013309 0.02077 0.029866 0.040584 0.052909 0.066827
0.00083381 0.0033328 0.0074932 0.013308 0.020769 0.029864 0.040581 0.052905 0.066821
0.00083371 0.0033326 0.0074928 0.013308 0.020768 0.029863 0.040579 0.052901 0.066815
0.00083363 0.0033324 0.0074924 0.013307 0.020767 0.029861 0.040577 0.052898 0.066809
0.00083355 0.0033323 0.0074921 0.013307 0.020766 0.02986 0.040575 0.052895 0.066804
0.00083349 0.0033321 0.0074919 0.013306 0.020766 0.029859 0.040573 0.052892 0.0668
0.00083343 0.003332 0.0074916 0.013306 0.020765 0.029858 0.040571 0.052889 0.066795
0.00083339 0.0033319 0.0074915 0.013305 0.020764 0.029857 0.040569 0.052886 0.066792
0.00083335 0.0033318 0.0074913 0.013305 0.020764 0.029856 0.040568 0.052884 0.066788
0.00083332 0.0033317 0.0074912 0.013305 0.020763 0.029855 0.040567 0.052882 0.066785
0.00083329 0.0033317 0.007491 0.013305 0.020763 0.029855 0.040566 0.05288 0.066782
0.00083327 0.0033316 0.0074909 0.013304 0.020763 0.029854 0.040565 0.052879 0.066779
0.00083326 0.0033316 0.0074909 0.013304 0.020763 0.029854 0.040564 0.052877 0.066776
0.00083324 0.0033316 0.0074908 0.013304 0.020762 0.029853 0.040563 0.052876 0.066774
0.00083324 0.0033315 0.0074908 0.013304 0.020762 0.029853 0.040562 0.052875 0.066772
0.00083323 0.0033315 0.0074907 0.013304 0.020762 0.029853 0.040562 0.052873 0.06677
0.00083322 0.0033315 0.0074907 0.013304 0.020762 0.029852 0.040561 0.052873 0.066768
0.00083322 0.0033315 0.0074907 0.013304 0.020762 0.029852 0.040561 0.052872 0.066767
0.00083322 0.0033315 0.0074907 0.013304 0.020762 0.029852 0.040561 0.052871 0.066765
0.00083322 0.0033315 0.0074907 0.013304 0.020762 0.029852 0.04056 0.05287 0.066764
0.00083322 0.0033315 0.0074907 0.013304 0.020762 0.029852 0.04056 0.05287 0.066763
0.00083322 0.0033315 0.0074907 0.013304 0.020762 0.029852 0.04056 0.052869 0.066762
0.00083322 0.0033315 0.0074906 0.013304 0.020762 0.029852 0.04056 0.052869 0.066761
0.00083322 0.0033315 0.0074906 0.013304 0.020762 0.029852 0.04056 0.052869 0.066761
