3 3 3 3 3 3 3 3 3
2.9967 2.9967 2.9967 2.9967 2.9967 2.9967 2.9967 2.9967 2.9967
2.9933 2.9933 2.9933 2.9934 2.9934 2.9934 2.9934 2.9934 2.9935
2.99 2.99 2.99 2.99 2.9901 2.9901 2.9901 2.9902 2.9902
2.9866 2.9867 2.9867 2.9867 2.9867 2.9868 2.9868 2.9869 2.9869
2.9833 2.9833 2.9833 2.9834 2.9834 2.9835 2.9835 2.9836 2.9837
2.9799 2.98 2.98 2.98 2.9801 2.9801 2.9802 2.9803 2.9804
2.9766 2.9766 2.9766 2.9767 2.9767 2.9768 2.9769 2.977 2.9771
2.9732 2.9732 2.9733 2.9733 2.9734 2.9735 2.9736 2.9737 2.9738
2.9699 2.9699 2.9699 2.97 2.9701 2.9701 2.9703 2.9704 2.9705
2.9665 2.9665 2.9666 2.9666 2.9667 2.9668 2.9669 2.9671 2.9672
2.9631 2.9631 2.9632 2.9633 2.9634 2.9635 2.9636 2.9638 2.9639
2.9597 2.9598 2.9598 2.9599 2.96 2.9601 2.9603 2.9604 2.9606
2.9564 2.9564 2.9565 2.9565 2.9567 2.9568 2.9569 2.9571 2.9573
2.953 2.953 2.9531 2.9532 2.9533 2.9534 2.9536 2.9538 2.954
2.9496 2.9496 2.9497 2.9498 2.9499 2.9501 2.9503 2.9505 2.9507
2.9462 2.9462 2.9463 2.9464 2.9466 2.9467 2.9469 2.9471 2.9474
2.9428 2.9429 2.9429 2.943 2.9432 2.9434 2.9436 2.9438 2.9441
2.9394 2.9395 2.9395 2.9397 2.9398 2.94 2.9402 2.9405 2.9407
2.936 2.9361 2.9361 2.9363 2.9364 2.9366 2.9369 2.9371 2.9374
2.9326 2.9327 2.9327 2.9329 2.933 2.9333 2.9335 2.9338 2.9341
2.9292 2.9292 2.9293 2.9295 2.9297 2.9299 2.9301 2.9304 2.9307
2.9258 2.9258 2.9259 2.9261 2.9263 2.9265 2.9268 2.9271 2.9274
2.9223 2.9224 2.9225 2.9227 2.9229 2.9231 2.9234 2.9237 2.9241
2.9189 2.919 2.9191 2.9193 2.9195 2.9197 2.92 2.9203 2.9207
2.9155 2.9156 2.9157 2.9159 2.9161 2.9163 2.9166 2.917 2.9174
2.9121 2.9121 2.9123 2.9124 2.9127 2.9129 2.9133 2.9136 2.914
2.9086 2.9087 2.9088 2.909 2.9093 2.9095 2.9099 2.9102 2.9107
2.9052 2.9053 2.9054 2.9056 2.9058 2.9061 2.9065 2.9069 2.9073
2.9018 2.9018 2.902 2.9022 2.9024 2.9027 2.9031 2.9035 2.9039
2.8983 2.8984 2.8985 2.8987 2.899 2.8993 2.8997 2.9001 2.9006
2.8949 2.8949 2.8951 2.8953 2.8956 2.8959 2.8963 2.8967 2.8972
2.8914 2.8915 2.8916 2.8919 2.8921 2.8925 2.8929 2.8933 2.8938
2.8879 2.888 2.8882 2.8884 2.8887 2.8891 2.8895 2.8899 2.8904
2.8845 2.8846 2.8847 2.885 2.8853 2.8856 2.886 2.8865 2.8871
2.881 2.8811 2.8813 2.8815 2.8818 2.8822 2.8826 2.8831 2.8837
2.8775 2.8776 2.8778 2.8781 2.8784 2.8788 2.8792 2.8797 2.8803
2.8741 2.8742 2.8743 2.8746 2.8749 2.8753 2.8758 2.8763 2.8769
2.8706 2.8707 2.8709 2.8711 2.8715 2.8719 2.8723 2.8729 2.8735
2.8671 2.8672 2.8674 2.8677 2.868 2.8684 2.8689 2.8695 2.8701
2.8636 2.8637 2.8639 2.8642 2.8645 2.865 2.8655 2.866 2.8667
2.8601 2.8602 2.8604 2.8607 2.8611 2.8615 2.862 2.8626 2.8633
2.8566 2.8567 2.8569 2.8572 2.8576 2.8581 2.8586 2.8592 2.8598
2.8531 2.8532 2.8535 2.8538 2.8541 2.8546 2.8551 2.8557 2.8564
2.8496 2.8497 2.85 2.8503 2.8506 2.8511 2.8517 2.8523 2.853
2.8461 2.8462 2.8465 2.8468 2.8472 2.8476 2.8482 2.8489 2.8496
2.8426 2.8427 2.8429 2.8433 2.8437 2.8442 2.8447 2.8454 2.8461
2.8391 2.8392 2.8394 2.8398 2.8402 2.8407 2.8413 2.842 2.8427
2.8355 2.8357 2.8359 2.8363 2.8367 2.8372 2.8378 2.8385 2.8393
2.832 2.8322 2.8324 2.8327 2.8332 2.8337 2.8343 2.835 2.8358
2.8285 2.8286 2.8289 2.8292 2.8297 2.8302 2.8309 2.8316 2.8324
2.8249 2.8251 2.8254 2.8257 2.8262 2.8267 2.8274 2.8281 2.8289
2.8214 2.8216 2.8218 2.8222 2.8227 2.8232 2.8239 2.8246 2.8255
2.8179 2.818 2.8183 2.8187 2.8191 2.8197 2.8204 2.8212 2.822
2.8143 2.8145 2.8147 2.8151 2.8156 2.8162 2.8169 2.8177 2.8186
2.8107 2.8109 2.8112 2.8116 2.8121 2.8127 2.8134 2.8142 2.8151
2.8072 2.8074 2.8076 2.808 2.8085 2.8092 2.8099 2.8107 2.8116
2.8036 2.8038 2.8041 2.8045 2.805 2.8056 2.8064 2.8072 2.8081
2.8001 2.8002 2.8005 2.8009 2.8015 2.8021 2.8029 2.8037 2.8047
2.7965 2.7967 2.797 2.7974 2.7979 2.7986 2.7993 2.8002 2.8012
2.7929 2.7931 2.7934 2.7938 2.7944 2.795 2.7958 2.7967 2.7977
2.7893 2.7895 2.7898 2.7903 2.7908 2.7915 2.7923 2.7932 2.7942
2.7857 2.7859 2.7863 2.7867 2.7873 2.7879 2.7888 2.7897 2.7907
2.7822 2.7823 2.7827 2.7831 2.7837 2.7844 2.7852 2.7861 2.7872
2.7786 2.7788 2.7791 2.7795 2.7801 2.7808 2.7817 2.7826 2.7837
2.775 2.7752 2.7755 2.776 2.7766 2.7773 2.7781 2.7791 2.7802
2.7714 2.7716 2.7719 2.7724 2.773 2.7737 2.7746 2.7756 2.7767
2.7677 2.7679 2.7683 2.7688 2.7694 2.7701 2.771 2.772 2.7731
2.7641 2.7643 2.7647 2.7652 2.7658 2.7666 2.7675 2.7685 2.7696
2.7605 2.7607 2.7611 2.7616 2.7622 2.763 2.7639 2.7649 2.7661
2.7569 2.7571 2.7575 2.758 2.7586 2.7594 2.7603 2.7614 2.7626
2.7533 2.7535 2.7538 2.7544 2.755 2.7558 2.7568 2.7578 2.759
2.7496 2.7498 2.7502 2.7508 2.7514 2.7522 2.7532 2.7543 2.7555
2.746 2.7462 2.7466 2.7471 2.7478 2.7486 2.7496 2.7507 2.7519
2.7423 2.7426 2.743 2.7435 2.7442 2.745 2.746 2.7471 2.7484
2.7387 2.7389 2.7393 2.7399 2.7406 2.7414 2.7424 2.7436 2.7448
2.735 2.7353 2.7357 2.7362 2.737 2.7378 2.7388 2.74 2.7413
2.7314 2.7316 2.732 2.7326 2.7333 2.7342 2.7352 2.7364 2.7377
2.7277 2.728 2.7284 2.729 2.7297 2.7306 2.7316 2.7328 2.7341
2.7241 2.7243 2.7247 2.7253 2.7261 2.727 2.728 2.7292 2.7306
2.7204 2.7206 2.7211 2.7217 2.7224 2.7233 2.7244 2.7256 2.727
2.7167 2.717 2.7174 2.718 2.7188 2.7197 2.7208 2.722 2.7234
2.713 2.7133 2.7137 2.7143 2.7151 2.7161 2.7172 2.7184 2.7198
2.7093 2.7096 2.71 2.7107 2.7115 2.7124 2.7135 2.7148 2.7162
2.7056 2.7059 2.7064 2.707 2.7078 2.7088 2.7099 2.7112 2.7126
2.7019 2.7022 2.7027 2.7033 2.7041 2.7051 2.7063 2.7076 2.709
2.6982 2.6985 2.699 2.6996 2.7005 2.7014 2.7026 2.7039 2.7054
2.6945 2.6948 2.6953 2.6959 2.6968 2.6978 2.699 2.7003 2.7018
2.6908 2.6911 2.6916 2.6922 2.6931 2.6941 2.6953 2.6967 2.6982
2.6871 2.6874 2.6879 2.6885 2.6894 2.6904 2.6917 2.693 2.6946
2.6834 2.6837 2.6842 2.6848 2.6857 2.6868 2.688 2.6894 2.691
2.6797 2.68 2.6804 2.6811 2.682 2.6831 2.6843 2.6857 2.6873
2.6759 2.6762 2.6767 2.6774 2.6783 2.6794 2.6807 2.6821 2.6837
2.6722 2.6725 2.673 2.6737 2.6746 2.6757 2.677 2.6784 2.6801
2.6684 2.6687 2.6693 2.67 2.6709 2.672 2.6733 2.6748 2.6764
2.6647 2.665 2.6655 2.6662 2.6672 2.6683 2.6696 2.6711 2.6728
2.6609 2.6613 2.6618 2.6625 2.6635 2.6646 2.6659 2.6674 2.6691
2.6572 2.6575 2.658 2.6588 2.6597 2.6609 2.6622 2.6637 2.6655
2.6534 2.6537 2.6543 2.655 2.656 2.6572 2.6585 2.6601 2.6618
2.6496 2.65 2.6505 2.6513 2.6523 2.6534 2.6548 2.6564 2.6581
2.6459 2.6462 2.6468 2.6475 2.6485 2.6497 2.6511 2.6527 2.6545
2.6421 2.6424 2.643 2.6438 2.6448 2.646 2.6474 2.649 2.6508
2.6383 2.6386 2.6392 2.64 2.641 2.6422 2.6437 2.6453 2.6471
2.6345 2.6348 2.6354 2.6362 2.6372 2.6385 2.6399 2.6416 2.6434
2.6307 2.6311 2.6316 2.6324 2.6335 2.6347 2.6362 2.6379 2.6397
2.6269 2.6273 2.6278 2.6287 2.6297 2.631 2.6325 2.6341 2.636
2.6231 2.6235 2.624 2.6249 2.6259 2.6272 2.6287 2.6304 2.6323
2.6193 2.6196 2.6202 2.6211 2.6222 2.6234 2.625 2.6267 2.6286
2.6155 2.6158 2.6164 2.6173 2.6184 2.6197 2.6212 2.623 2.6249
2.6116 2.612 2.6126 2.6135 2.6146 2.6159 2.6174 2.6192 2.6212
2.6078 2.6082 2.6088 2.6097 2.6108 2.6121 2.6137 2.6155 2.6175
2.604 2.6043 2.605 2.6059 2.607 2.6083 2.6099 2.6117 2.6137
2.6001 2.6005 2.6011 2.602 2.6032 2.6045 2.6061 2.608 2.61
2.5963 2.5967 2.5973 2.5982 2.5994 2.6007 2.6024 2.6042 2.6063
2.5924 2.5928 2.5935 2.5944 2.5955 2.5969 2.5986 2.6004 2.6025
2.5886 2.589 2.5896 2.5905 2.5917 2.5931 2.5948 2.5967 2.5988
2.5847 2.5851 2.5858 2.5867 2.5879 2.5893 2.591 2.5929 2.595
2.5808 2.5812 2.5819 2.5828 2.584 2.5855 2.5872 2.5891 2.5912
2.577 2.5774 2.578 2.579 2.5802 2.5817 2.5834 2.5853 2.5875
2.5731 2.5735 2.5742 2.5751 2.5764 2.5778 2.5796 2.5815 2.5837
2.5692 2.5696 2.5703 2.5713 2.5725 2.574 2.5757 2.5777 2.5799
2.5653 2.5657 2.5664 2.5674 2.5686 2.5701 2.5719 2.5739 2.5762
2.5614 2.5618 2.5625 2.5635 2.5648 2.5663 2.5681 2.5701 2.5724
2.5575 2.5579 2.5586 2.5596 2.5609 2.5624 2.5642 2.5663 2.5686
2.5536 2.554 2.5547 2.5557 2.557 2.5586 2.5604 2.5625 2.5648
2.5497 2.5501 2.5508 2.5518 2.5531 2.5547 2.5566 2.5586 2.561
2.5457 2.5462 2.5469 2.5479 2.5493 2.5508 2.5527 2.5548 2.5572
2.5418 2.5423 2.543 2.544 2.5454 2.547 2.5488 2.551 2.5534
2.5379 2.5383 2.5391 2.5401 2.5415 2.5431 2.545 2.5471 2.5495
2.5339 2.5344 2.5351 2.5362 2.5376 2.5392 2.5411 2.5433 2.5457
2.53 2.5304 2.5312 2.5323 2.5336 2.5353 2.5372 2.5394 2.5419
2.526 2.5265 2.5273 2.5283 2.5297 2.5314 2.5333 2.5356 2.538
2.5221 2.5225 2.5233 2.5244 2.5258 2.5275 2.5295 2.5317 2.5342
2.5181 2.5186 2.5194 2.5205 2.5219 2.5236 2.5256 2.5278 2.5304
2.5141 2.5146 2.5154 2.5165 2.5179 2.5197 2.5217 2.524 2.5265
2.5101 2.5106 2.5114 2.5126 2.514 2.5157 2.5178 2.5201 2.5226
2.5062 2.5066 2.5075 2.5086 2.51 2.5118 2.5138 2.5162 2.5188
2.5022 2.5027 2.5035 2.5046 2.5061 2.5079 2.5099 2.5123 2.5149
2.4982 2.4987 2.4995 2.5007 2.5021 2.5039 2.506 2.5084 2.511
2.4942 2.4947 2.4955 2.4967 2.4982 2.5 2.5021 2.5045 2.5072
2.4902 2.4907 2.4915 2.4927 2.4942 2.496 2.4981 2.5006 2.5033
2.4861 2.4866 2.4875 2.4887 2.4902 2.4921 2.4942 2.4966 2.4994
2.4821 2.4826 2.4835 2.4847 2.4862 2.4881 2.4903 2.4927 2.4955
2.4781 2.4786 2.4795 2.4807 2.4822 2.4841 2.4863 2.4888 2.4916
2.474 2.4746 2.4755 2.4767 2.4782 2.4801 2.4823 2.4848 2.4877
2.47 2.4705 2.4714 2.4727 2.4742 2.4761 2.4784 2.4809 2.4837
2.4659 2.4665 2.4674 2.4686 2.4702 2.4721 2.4744 2.477 2.4798
2.4619 2.4624 2.4633 2.4646 2.4662 2.4681 2.4704 2.473 2.4759
2.4578 2.4584 2.4593 2.4606 2.4622 2.4641 2.4664 2.469 2.4719
2.4538 2.4543 2.4552 2.4565 2.4581 2.4601 2.4624 2.4651 2.468
2.4497 2.4502 2.4512 2.4525 2.4541 2.4561 2.4584 2.4611 2.4641
2.4456 2.4462 2.4471 2.4484 2.4501 2.4521 2.4544 2.4571 2.4601
2.4415 2.4421 2.443 2.4443 2.446 2.4481 2.4504 2.4531 2.4561
2.4374 2.438 2.4389 2.4403 2.442 2.444 2.4464 2.4491 2.4522
2.4333 2.4339 2.4348 2.4362 2.4379 2.44 2.4424 2.4451 2.4482
2.4292 2.4298 2.4307 2.4321 2.4338 2.4359 2.4384 2.4411 2.4442
2.4251 2.4257 2.4266 2.428 2.4297 2.4319 2.4343 2.4371 2.4402
2.4209 2.4215 2.4225 2.4239 2.4257 2.4278 2.4303 2.4331 2.4362
2.4168 2.4174 2.4184 2.4198 2.4216 2.4237 2.4262 2.4291 2.4322
2.4127 2.4133 2.4143 2.4157 2.4175 2.4196 2.4222 2.425 2.4282
2.4085 2.4091 2.4102 2.4116 2.4134 2.4156 2.4181 2.421 2.4242
2.4044 2.405 2.406 2.4074 2.4093 2.4115 2.414 2.417 2.4202
2.4002 2.4008 2.4019 2.4033 2.4051 2.4074 2.41 2.4129 2.4162
2.396 2.3967 2.3977 2.3992 2.401 2.4033 2.4059 2.4088 2.4122
2.3919 2.3925 2.3936 2.395 2.3969 2.3991 2.4018 2.4048 2.4081
2.3877 2.3883 2.3894 2.3909 2.3927 2.395 2.3977 2.4007 2.4041
2.3835 2.3841 2.3852 2.3867 2.3886 2.3909 2.3936 2.3966 2.4
2.3793 2.3799 2.381 2.3825 2.3844 2.3868 2.3895 2.3925 2.396
2.3751 2.3757 2.3768 2.3783 2.3803 2.3826 2.3853 2.3884 2.3919
2.3709 2.3715 2.3726 2.3742 2.3761 2.3785 2.3812 2.3843 2.3878
2.3667 2.3673 2.3684 2.37 2.3719 2.3743 2.3771 2.3802 2.3838
2.3624 2.3631 2.3642 2.3658 2.3678 2.3701 2.3729 2.3761 2.3797
2.3582 2.3589 2.36 2.3616 2.3636 2.366 2.3688 2.372 2.3756
2.3539 2.3546 2.3558 2.3574 2.3594 2.3618 2.3646 2.3679 2.3715
2.3497 2.3504 2.3515 2.3531 2.3552 2.3576 2.3605 2.3637 2.3674
2.3454 2.3461 2.3473 2.3489 2.3509 2.3534 2.3563 2.3596 2.3633
2.3412 2.3419 2.343 2.3447 2.3467 2.3492 2.3521 2.3555 2.3591
2.3369 2.3376 2.3388 2.3404 2.3425 2.345 2.348 2.3513 2.355
2.3326 2.3333 2.3345 2.3362 2.3383 2.3408 2.3438 2.3471 2.3509
2.3283 2.329 2.3302 2.3319 2.334 2.3366 2.3396 2.343 2.3467
2.324 2.3248 2.326 2.3276 2.3298 2.3324 2.3354 2.3388 2.3426
2.3197 2.3205 2.3217 2.3234 2.3255 2.3281 2.3311 2.3346 2.3384
2.3154 2.3162 2.3174 2.3191 2.3212 2.3239 2.3269 2.3304 2.3343
2.3111 2.3118 2.3131 2.3148 2.317 2.3196 2.3227 2.3262 2.3301
2.3068 2.3075 2.3088 2.3105 2.3127 2.3154 2.3185 2.322 2.3259
2.3024 2.3032 2.3044 2.3062 2.3084 2.3111 2.3142 2.3178 2.3218
2.2981 2.2988 2.3001 2.3019 2.3041 2.3068 2.31 2.3136 2.3176
2.2937 2.2945 2.2958 2.2975 2.2998 2.3025 2.3057 2.3093 2.3134
2.2894 2.2901 2.2914 2.2932 2.2955 2.2982 2.3014 2.3051 2.3092
2.285 2.2858 2.2871 2.2889 2.2912 2.2939 2.2972 2.3009 2.305
2.2806 2.2814 2.2827 2.2845 2.2868 2.2896 2.2929 2.2966 2.3007
2.2762 2.277 2.2783 2.2802 2.2825 2.2853 2.2886 2.2923 2.2965
2.2718 2.2726 2.274 2.2758 2.2782 2.281 2.2843 2.2881 2.2923
2.2674 2.2682 2.2696 2.2714 2.2738 2.2767 2.28 2.2838 2.288
2.263 2.2638 2.2652 2.267 2.2694 2.2723 2.2757 2.2795 2.2838
2.2586 2.2594 2.2608 2.2627 2.2651 2.268 2.2714 2.2752 2.2795
2.2542 2.255 2.2564 2.2583 2.2607 2.2636 2.267 2.2709 2.2753
2.2497 2.2506 2.2519 2.2539 2.2563 2.2593 2.2627 2.2666 2.271
2.2453 2.2461 2.2475 2.2494 2.2519 2.2549 2.2584 2.2623 2.2667
2.2408 2.2417 2.2431 2.245 2.2475 2.2505 2.254 2.258 2.2624
2.2364 2.2372 2.2386 2.2406 2.2431 2.2461 2.2496 2.2536 2.2581
2.2319 2.2327 2.2342 2.2361 2.2387 2.2417 2.2453 2.2493 2.2538
2.2274 2.2283 2.2297 2.2317 2.2342 2.2373 2.2409 2.245 2.2495
2.2229 2.2238 2.2252 2.2272 2.2298 2.2329 2.2365 2.2406 2.2452
2.2184 2.2193 2.2207 2.2228 2.2253 2.2285 2.2321 2.2362 2.2408
2.2139 2.2148 2.2162 2.2183 2.2209 2.224 2.2277 2.2319 2.2365
2.2094 2.2103 2.2117 2.2138 2.2164 2.2196 2.2233 2.2275 2.2322
2.2048 2.2057 2.2072 2.2093 2.2119 2.2151 2.2189 2.2231 2.2278
2.2003 2.2012 2.2027 2.2048 2.2075 2.2107 2.2144 2.2187 2.2234
2.1958 2.1967 2.1982 2.2003 2.203 2.2062 2.21 2.2143 2.2191
2.1912 2.1921 2.1936 2.1958 2.1985 2.2017 2.2055 2.2099 2.2147
2.1866 2.1876 2.1891 2.1912 2.194 2.1973 2.2011 2.2055 2.2103
2.1821 2.183 2.1845 2.1867 2.1894 2.1928 2.1966 2.201 2.2059
2.1775 2.1784 2.18 2.1821 2.1849 2.1883 2.1922 2.1966 2.2015
2.1729 2.1738 2.1754 2.1776 2.1804 2.1837 2.1877 2.1921 2.1971
2.1683 2.1692 2.1708 2.173 2.1758 2.1792 2.1832 2.1877 2.1927
2.1637 2.1646 2.1662 2.1684 2.1713 2.1747 2.1787 2.1832 2.1882
2.159 2.16 2.1616 2.1639 2.1667 2.1701 2.1742 2.1787 2.1838
2.1544 2.1554 2.157 2.1593 2.1621 2.1656 2.1696 2.1742 2.1794
2.1497 2.1507 2.1524 2.1546 2.1575 2.161 2.1651 2.1697 2.1749
2.1451 2.1461 2.1477 2.15 2.1529 2.1565 2.1606 2.1652 2.1704
2.1404 2.1414 2.1431 2.1454 2.1483 2.1519 2.156 2.1607 2.166
2.1358 2.1368 2.1384 2.1408 2.1437 2.1473 2.1515 2.1562 2.1615
2.1311 2.1321 2.1338 2.1361 2.1391 2.1427 2.1469 2.1517 2.157
2.1264 2.1274 2.1291 2.1315 2.1345 2.1381 2.1423 2.1471 2.1525
2.1217 2.1227 2.1244 2.1268 2.1298 2.1335 2.1377 2.1426 2.148
2.1169 2.118 2.1197 2.1221 2.1252 2.1289 2.1331 2.138 2.1434
2.1122 2.1133 2.115 2.1174 2.1205 2.1242 2.1285 2.1335 2.1389
2.1075 2.1085 2.1103 2.1127 2.1158 2.1196 2.1239 2.1289 2.1344
2.1027 2.1038 2.1056 2.108 2.1111 2.1149 2.1193 2.1243 2.1298
2.098 2.099 2.1008 2.1033 2.1064 2.1102 2.1147 2.1197 2.1253
2.0932 2.0943 2.0961 2.0986 2.1017 2.1056 2.11 2.1151 2.1207
2.0884 2.0895 2.0913 2.0938 2.097 2.1009 2.1054 2.1105 2.1161
2.0836 2.0847 2.0865 2.0891 2.0923 2.0962 2.1007 2.1058 2.1115
2.0788 2.0799 2.0818 2.0843 2.0876 2.0915 2.096 2.1012 2.1069
2.074 2.0751 2.077 2.0795 2.0828 2.0867 2.0913 2.0966 2.1023
2.0692 2.0703 2.0722 2.0748 2.078 2.082 2.0866 2.0919 2.0977
2.0644 2.0655 2.0674 2.07 2.0733 2.0773 2.0819 2.0872 2.0931
2.0595 2.0606 2.0625 2.0652 2.0685 2.0725 2.0772 2.0825 2.0885
2.0546 2.0558 2.0577 2.0603 2.0637 2.0678 2.0725 2.0779 2.0838
2.0498 2.0509 2.0528 2.0555 2.0589 2.063 2.0678 2.0732 2.0792
2.0449 2.0461 2.048 2.0507 2.0541 2.0582 2.063 2.0685 2.0745
2.04 2.0412 2.0431 2.0458 2.0493 2.0534 2.0583 2.0637 2.0698
2.0351 2.0363 2.0382 2.041 2.0444 2.0486 2.0535 2.059 2.0651
2.0302 2.0314 2.0333 2.0361 2.0396 2.0438 2.0487 2.0543 2.0604
2.0252 2.0264 2.0284 2.0312 2.0347 2.039 2.0439 2.0495 2.0557
2.0203 2.0215 2.0235 2.0263 2.0298 2.0341 2.0391 2.0448 2.051
2.0154 2.0166 2.0186 2.0214 2.025 2.0293 2.0343 2.04 2.0463
2.0104 2.0116 2.0136 2.0165 2.0201 2.0244 2.0295 2.0352 2.0416
2.0054 2.0066 2.0087 2.0115 2.0152 2.0195 2.0246 2.0304 2.0368
2.0004 2.0017 2.0037 2.0066 2.0102 2.0147 2.0198 2.0256 2.0321
1.9954 1.9967 1.9987 2.0016 2.0053 2.0098 2.0149 2.0208 2.0273
1.9904 1.9917 1.9938 1.9967 2.0004 2.0048 2.0101 2.0159 2.0225
1.9854 1.9866 1.9888 1.9917 1.9954 1.9999 2.0052 2.0111 2.0177
1.9803 1.9816 1.9837 1.9867 1.9905 1.995 2.0003 2.0063 2.0129
1.9753 1.9766 1.9787 1.9817 1.9855 1.99 1.9954 2.0014 2.0081
1.9702 1.9715 1.9737 1.9767 1.9805 1.9851 1.9905 1.9965 2.0033
1.9651 1.9664 1.9686 1.9716 1.9755 1.9801 1.9855 1.9916 1.9984
1.96 1.9614 1.9635 1.9666 1.9705 1.9751 1.9806 1.9867 1.9936
1.9549 1.9563 1.9585 1.9615 1.9654 1.9701 1.9756 1.9818 1.9887
1.9498 1.9512 1.9534 1.9565 1.9604 1.9651 1.9707 1.9769 1.9839
1.9447 1.946 1.9483 1.9514 1.9553 1.9601 1.9657 1.972 1.979
1.9395 1.9409 1.9432 1.9463 1.9503 1.9551 1.9607 1.967 1.9741
1.9344 1.9357 1.938 1.9412 1.9452 1.95 1.9557 1.9621 1.9692
1.9292 1.9306 1.9329 1.9361 1.9401 1.945 1.9507 1.9571 1.9643
1.924 1.9254 1.9277 1.9309 1.935 1.9399 1.9456 1.9521 1.9593
1.9188 1.9202 1.9225 1.9258 1.9299 1.9348 1.9406 1.9471 1.9544
1.9136 1.915 1.9173 1.9206 1.9247 1.9297 1.9355 1.9421 1.9494
1.9084 1.9098 1.9121 1.9154 1.9196 1.9246 1.9305 1.9371 1.9445
1.9031 1.9045 1.9069 1.9102 1.9144 1.9195 1.9254 1.9321 1.9395
1.8979 1.8993 1.9017 1.905 1.9093 1.9144 1.9203 1.927 1.9345
1.8926 1.894 1.8965 1.8998 1.9041 1.9092 1.9152 1.922 1.9295
1.8873 1.8888 1.8912 1.8946 1.8989 1.9041 1.9101 1.9169 1.9245
1.882 1.8835 1.8859 1.8893 1.8937 1.8989 1.9049 1.9118 1.9194
1.8767 1.8782 1.8806 1.8841 1.8884 1.8937 1.8998 1.9067 1.9144
1.8713 1.8728 1.8753 1.8788 1.8832 1.8885 1.8946 1.9016 1.9094
1.866 1.8675 1.87 1.8735 1.8779 1.8833 1.8895 1.8965 1.9043
1.8606 1.8621 1.8647 1.8682 1.8726 1.878 1.8843 1.8914 1.8992
1.8552 1.8568 1.8593 1.8629 1.8674 1.8728 1.8791 1.8862 1.8941
1.8498 1.8514 1.854 1.8575 1.8621 1.8675 1.8739 1.881 1.889
1.8444 1.846 1.8486 1.8522 1.8567 1.8622 1.8686 1.8759 1.8839
1.839 1.8406 1.8432 1.8468 1.8514 1.8569 1.8634 1.8707 1.8788
1.8336 1.8351 1.8378 1.8414 1.8461 1.8516 1.8581 1.8655 1.8736
1.8281 1.8297 1.8323 1.836 1.8407 1.8463 1.8529 1.8602 1.8684
1.8226 1.8242 1.8269 1.8306 1.8353 1.841 1.8476 1.855 1.8633
1.8171 1.8188 1.8214 1.8252 1.8299 1.8356 1.8423 1.8498 1.8581
1.8116 1.8133 1.816 1.8197 1.8245 1.8303 1.8369 1.8445 1.8529
1.8061 1.8077 1.8105 1.8143 1.8191 1.8249 1.8316 1.8392 1.8477
1.8006 1.8022 1.805 1.8088 1.8136 1.8195 1.8263 1.8339 1.8424
1.795 1.7967 1.7994 1.8033 1.8082 1.8141 1.8209 1.8286 1.8372
1.7894 1.7911 1.7939 1.7978 1.8027 1.8086 1.8155 1.8233 1.8319
1.7838 1.7855 1.7883 1.7922 1.7972 1.8032 1.8101 1.818 1.8267
1.7782 1.7799 1.7828 1.7867 1.7917 1.7977 1.8047 1.8126 1.8214
1.7726 1.7743 1.7772 1.7811 1.7862 1.7922 1.7993 1.8072 1.8161
1.7669 1.7687 1.7716 1.7756 1.7806 1.7867 1.7938 1.8019 1.8107
1.7613 1.763 1.7659 1.77 1.7751 1.7812 1.7884 1.7965 1.8054
1.7556 1.7574 1.7603 1.7643 1.7695 1.7757 1.7829 1.791 1.8001
1.7499 1.7517 1.7546 1.7587 1.7639 1.7701 1.7774 1.7856 1.7947
1.7442 1.746 1.7489 1.753 1.7583 1.7646 1.7719 1.7802 1.7893
1.7384 1.7402 1.7432 1.7474 1.7527 1.759 1.7664 1.7747 1.7839
1.7327 1.7345 1.7375 1.7417 1.747 1.7534 1.7608 1.7692 1.7785
1.7269 1.7287 1.7318 1.736 1.7413 1.7478 1.7553 1.7637 1.7731
1.7211 1.7229 1.726 1.7303 1.7357 1.7422 1.7497 1.7582 1.7676
1.7153 1.7171 1.7202 1.7245 1.73 1.7365 1.7441 1.7527 1.7622
1.7094 1.7113 1.7144 1.7187 1.7242 1.7308 1.7385 1.7471 1.7567
1.7036 1.7055 1.7086 1.713 1.7185 1.7251 1.7329 1.7416 1.7512
1.6977 1.6996 1.7028 1.7072 1.7127 1.7194 1.7272 1.736 1.7457
1.6918 1.6937 1.6969 1.7013 1.707 1.7137 1.7215 1.7304 1.7402
1.6859 1.6878 1.691 1.6955 1.7012 1.708 1.7159 1.7248 1.7346
1.6799 1.6819 1.6851 1.6896 1.6953 1.7022 1.7102 1.7191 1.7291
1.674 1.676 1.6792 1.6838 1.6895 1.6964 1.7044 1.7135 1.7235
1.668 1.67 1.6733 1.6778 1.6836 1.6906 1.6987 1.7078 1.7179
1.662 1.664 1.6673 1.6719 1.6778 1.6848 1.6929 1.7021 1.7123
1.656 1.658 1.6613 1.666 1.6719 1.6789 1.6872 1.6964 1.7067
1.6499 1.652 1.6553 1.66 1.666 1.6731 1.6814 1.6907 1.701
1.6439 1.6459 1.6493 1.654 1.66 1.6672 1.6755 1.6849 1.6953
1.6378 1.6398 1.6433 1.648 1.6541 1.6613 1.6697 1.6792 1.6897
1.6316 1.6337 1.6372 1.642 1.6481 1.6554 1.6638 1.6734 1.684
1.6255 1.6276 1.6311 1.6359 1.6421 1.6494 1.658 1.6676 1.6782
1.6194 1.6215 1.625 1.6299 1.636 1.6435 1.6521 1.6618 1.6725
1.6132 1.6153 1.6189 1.6238 1.63 1.6375 1.6462 1.6559 1.6667
1.607 1.6091 1.6127 1.6176 1.6239 1.6315 1.6402 1.6501 1.661
1.6007 1.6029 1.6065 1.6115 1.6178 1.6254 1.6343 1.6442 1.6552
1.5945 1.5967 1.6003 1.6053 1.6117 1.6194 1.6283 1.6383 1.6493
1.5882 1.5904 1.5941 1.5991 1.6056 1.6133 1.6223 1.6324 1.6435
1.5819 1.5841 1.5878 1.5929 1.5994 1.6072 1.6162 1.6264 1.6376
1.5756 1.5778 1.5815 1.5867 1.5932 1.6011 1.6102 1.6205 1.6318
1.5692 1.5715 1.5752 1.5804 1.587 1.595 1.6041 1.6145 1.6259
1.5628 1.5651 1.5689 1.5741 1.5808 1.5888 1.598 1.6085 1.62
1.5564 1.5587 1.5625 1.5678 1.5745 1.5826 1.5919 1.6024 1.614
1.55 1.5523 1.5562 1.5615 1.5683 1.5764 1.5858 1.5964 1.6081
1.5435 1.5459 1.5498 1.5551 1.562 1.5701 1.5796 1.5903 1.6021
1.537 1.5394 1.5433 1.5487 1.5556 1.5639 1.5734 1.5842 1.5961
1.5305 1.5329 1.5369 1.5423 1.5493 1.5576 1.5672 1.5781 1.59
1.524 1.5264 1.5304 1.5359 1.5429 1.5513 1.561 1.5719 1.584
1.5174 1.5198 1.5238 1.5294 1.5365 1.545 1.5547 1.5658 1.5779
1.5108 1.5132 1.5173 1.5229 1.53 1.5386 1.5485 1.5596 1.5718
1.5042 1.5066 1.5107 1.5164 1.5236 1.5322 1.5422 1.5534 1.5657
1.4975 1.5 1.5041 1.5099 1.5171 1.5258 1.5358 1.5471 1.5596
1.4908 1.4933 1.4975 1.5033 1.5106 1.5193 1.5295 1.5409 1.5534
1.4841 1.4866 1.4908 1.4967 1.504 1.5129 1.5231 1.5346 1.5472
1.4773 1.4799 1.4842 1.49 1.4975 1.5064 1.5167 1.5283 1.541
1.4706 1.4732 1.4774 1.4834 1.4909 1.4999 1.5102 1.5219 1.5348
1.4637 1.4664 1.4707 1.4767 1.4842 1.4933 1.5038 1.5156 1.5285
1.4569 1.4595 1.4639 1.4699 1.4776 1.4867 1.4973 1.5092 1.5223
1.45 1.4527 1.4571 1.4632 1.4709 1.4801 1.4908 1.5028 1.516
1.4431 1.4458 1.4502 1.4564 1.4642 1.4735 1.4842 1.4963 1.5096
1.4362 1.4389 1.4434 1.4496 1.4574 1.4668 1.4777 1.4899 1.5033
1.4292 1.4319 1.4365 1.4427 1.4506 1.4601 1.4711 1.4834 1.4969
1.4222 1.425 1.4295 1.4358 1.4438 1.4534 1.4644 1.4768 1.4905
1.4151 1.4179 1.4225 1.4289 1.437 1.4466 1.4578 1.4703 1.484
1.4081 1.4109 1.4155 1.422 1.4301 1.4398 1.4511 1.4637 1.4776
1.401 1.4038 1.4085 1.415 1.4232 1.433 1.4444 1.4571 1.4711
1.3938 1.3967 1.4014 1.408 1.4162 1.4262 1.4376 1.4505 1.4646
1.3866 1.3895 1.3943 1.4009 1.4093 1.4193 1.4308 1.4438 1.458
1.3794 1.3823 1.3871 1.3938 1.4023 1.4124 1.424 1.4371 1.4515
1.3721 1.3751 1.38 1.3867 1.3952 1.4054 1.4172 1.4304 1.4449
1.3648 1.3678 1.3727 1.3795 1.3881 1.3984 1.4103 1.4236 1.4382
1.3575 1.3605 1.3655 1.3723 1.381 1.3914 1.4034 1.4168 1.4316
1.3501 1.3531 1.3582 1.3651 1.3739 1.3844 1.3965 1.41 1.4249
1.3427 1.3457 1.3508 1.3578 1.3667 1.3773 1.3895 1.4032 1.4182
1.3352 1.3383 1.3434 1.3505 1.3595 1.3701 1.3825 1.3963 1.4114
1.3277 1.3308 1.336 1.3432 1.3522 1.363 1.3754 1.3894 1.4046
1.3202 1.3233 1.3285 1.3358 1.3449 1.3558 1.3683 1.3824 1.3978
1.3126 1.3158 1.321 1.3283 1.3375 1.3486 1.3612 1.3754 1.391
1.3049 1.3082 1.3135 1.3209 1.3302 1.3413 1.3541 1.3684 1.3841
1.2972 1.3005 1.3059 1.3133 1.3227 1.334 1.3469 1.3613 1.3772
1.2895 1.2928 1.2983 1.3058 1.3153 1.3266 1.3397 1.3543 1.3703
1.2817 1.2851 1.2906 1.2982 1.3078 1.3192 1.3324 1.3471 1.3633
1.2739 1.2773 1.2829 1.2905 1.3002 1.3118 1.3251 1.34 1.3563
1.2661 1.2695 1.2751 1.2828 1.2926 1.3043 1.3177 1.3328 1.3492
1.2581 1.2616 1.2673 1.2751 1.285 1.2968 1.3104 1.3255 1.3421
1.2502 1.2536 1.2594 1.2673 1.2773 1.2892 1.3029 1.3183 1.335
1.2421 1.2457 1.2515 1.2595 1.2696 1.2816 1.2955 1.311 1.3279
1.2341 1.2376 1.2435 1.2516 1.2618 1.274 1.288 1.3036 1.3207
1.226 1.2296 1.2355 1.2437 1.254 1.2663 1.2804 1.2962 1.3135
1.2178 1.2214 1.2274 1.2357 1.2461 1.2586 1.2728 1.2888 1.3062
1.2095 1.2132 1.2193 1.2277 1.2382 1.2508 1.2652 1.2813 1.2989
1.2012 1.205 1.2111 1.2196 1.2302 1.2429 1.2575 1.2738 1.2916
1.1929 1.1967 1.2029 1.2114 1.2222 1.2351 1.2498 1.2662 1.2842
1.1845 1.1883 1.1946 1.2032 1.2141 1.2271 1.242 1.2586 1.2767
1.176 1.1799 1.1862 1.195 1.206 1.2191 1.2342 1.251 1.2693
1.1675 1.1714 1.1778 1.1867 1.1978 1.2111 1.2263 1.2433 1.2618
1.1589 1.1629 1.1694 1.1783 1.1896 1.203 1.2184 1.2355 1.2542
1.1503 1.1543 1.1608 1.1699 1.1813 1.1949 1.2104 1.2278 1.2466
1.1415 1.1456 1.1523 1.1614 1.173 1.1867 1.2024 1.2199 1.239
1.1327 1.1368 1.1436 1.1529 1.1646 1.1785 1.1943 1.212 1.2313
1.1239 1.128 1.1349 1.1443 1.1561 1.1701 1.1862 1.2041 1.2236
1.115 1.1192 1.1261 1.1356 1.1476 1.1618 1.178 1.1961 1.2158
1.106 1.1102 1.1172 1.1269 1.139 1.1534 1.1698 1.1881 1.208
1.0969 1.1012 1.1083 1.1181 1.1303 1.1449 1.1615 1.18 1.2001
1.0877 1.0921 1.0993 1.1092 1.1216 1.1363 1.1532 1.1719 1.1922
1.0785 1.0829 1.0902 1.1002 1.1128 1.1277 1.1448 1.1637 1.1842
1.0692 1.0737 1.0811 1.0912 1.104 1.1191 1.1363 1.1554 1.1762
1.0598 1.0644 1.0719 1.0821 1.095 1.1103 1.1278 1.1471 1.1682
1.0504 1.055 1.0626 1.073 1.086 1.1015 1.1192 1.1388 1.16
1.0408 1.0455 1.0532 1.0637 1.077 1.0926 1.1105 1.1303 1.1518
1.0312 1.0359 1.0437 1.0544 1.0678 1.0837 1.1018 1.1219 1.1436
1.0214 1.0262 1.0341 1.045 1.0586 1.0747 1.093 1.1133 1.1353
1.0116 1.0165 1.0245 1.0355 1.0493 1.0656 1.0842 1.1047 1.127
1.0017 1.0066 1.0148 1.0259 1.0399 1.0564 1.0752 1.096 1.1186
0.99164 0.99667 1.0049 1.0163 1.0304 1.0472 1.0662 1.0873 1.1101
0.98151 0.98662 0.99501 1.0065 1.0209 1.0379 1.0572 1.0785 1.1016
0.97128 0.97646 0.98498 0.99665 1.0112 1.0284 1.048 1.0696 1.093
0.96094 0.9662 0.97485 0.9867 1.0015 1.019 1.0388 1.0607 1.0843
0.95048 0.95583 0.96462 0.97665 0.99166 1.0094 1.0295 1.0517 1.0756
0.93991 0.94535 0.95428 0.96649 0.98174 0.99971 1.0201 1.0426 1.0668
0.92922 0.93475 0.94382 0.95623 0.97171 0.98995 1.0106 1.0334 1.058
0.91841 0.92403 0.93325 0.94586 0.96158 0.9801 1.0011 1.0242 1.049
0.90746 0.91318 0.92256 0.93538 0.95135 0.97015 0.99143 1.0148 1.04
0.89638 0.90221 0.91175 0.92478 0.94101 0.9601 0.98169 1.0054 1.031
0.88517 0.8911 0.9008 0.91406 0.93055 0.94994 0.97186 0.99594 1.0218
0.87381 0.87984 0.88973 0.90321 0.91998 0.93968 0.96194 0.98636 1.0126
0.8623 0.86845 0.87851 0.89223 0.90929 0.92931 0.95191 0.9767 1.0033
0.85064 0.8569 0.86715 0.88112 0.89848 0.91883 0.94179 0.96694 0.9939
0.83881 0.8452 0.85564 0.86987 0.88753 0.90823 0.93155 0.95708 0.98443
0.82681 0.83333 0.84398 0.85848 0.87646 0.89751 0.92121 0.94713 0.97488
0.81464 0.82129 0.83215 0.84693 0.86524 0.88666 0.91076 0.93708 0.96523
0.80229 0.80907 0.82016 0.83522 0.85388 0.87569 0.90019 0.92693 0.9555
0.78974 0.79667 0.80798 0.82336 0.84237 0.86458 0.88949 0.91667 0.94567
0.77698 0.78407 0.79563 0.81132 0.83071 0.85332 0.87868 0.9063 0.93574
0.76402 0.77127 0.78308 0.7991 0.81888 0.84193 0.86774 0.89582 0.92571
0.75083 0.75825 0.77033 0.7867 0.80689 0.83038 0.85666 0.88522 0.91559
0.73741 0.745 0.75736 0.7741 0.79471 0.81868 0.84544 0.87449 0.90535
0.72374 0.73152 0.74417 0.76129 0.78236 0.80681 0.83408 0.86365 0.89501
0.7098 0.71778 0.73075 0.74827 0.76981 0.79477 0.82257 0.85267 0.88456
0.69559 0.70378 0.71708 0.73503 0.75706 0.78255 0.81091 0.84156 0.87399
0.68108 0.68949 0.70314 0.72154 0.74409 0.77015 0.79908 0.83031 0.8633
0.66625 0.6749 0.68893 0.70781 0.7309 0.75755 0.78709 0.81891 0.85248
0.65109 0.65999 0.67442 0.6938 0.71748 0.74475 0.77492 0.80737 0.84154
0.63556 0.64474 0.65959 0.67952 0.70381 0.73173 0.76256 0.79566 0.83046
0.61965 0.62912 0.64443 0.66493 0.68987 0.71848 0.75001 0.78379 0.81925
0.60332 0.61311 0.62891 0.65002 0.67566 0.705 0.73726 0.77175 0.80789
0.58653 0.59667 0.61299 0.63477 0.66115 0.69126 0.72429 0.75954 0.79638
0.56925 0.57976 0.59666 0.61915 0.64632 0.67726 0.71111 0.74713 0.78471
0.55143 0.56235 0.57988 0.60314 0.63116 0.66297 0.69768 0.73453 0.77289
0.53302 0.54439 0.5626 0.5867 0.61563 0.64838 0.68401 0.72173 0.76089
0.51395 0.52582 0.54478 0.56979 0.59972 0.63347 0.67007 0.70871 0.74872
0.49414 0.50657 0.52636 0.55238 0.58339 0.61822 0.65586 0.69546 0.73636
0.47351 0.48657 0.50729 0.53442 0.56661 0.6026 0.64135 0.68198 0.72381
0.45194 0.46571 0.48748 0.51585 0.54933 0.58659 0.62652 0.66824 0.71106
0.42928 0.44388 0.46685 0.4966 0.53151 0.57015 0.61136 0.65424 0.6981
0.40537 0.42093 0.44528 0.47659 0.51309 0.55324 0.59584 0.63995 0.68491
0.37996 0.39667 0.42263 0.45574 0.49402 0.53583 0.57992 0.62537 0.67148
0.35272 0.37083 0.39871 0.43391 0.47421 0.51787 0.56359 0.61046 0.65781
0.3232 0.34308 0.3733 0.41096 0.45358 0.4993 0.54681 0.59521 0.64388
0.29072 0.3129 0.34606 0.3867 0.43201 0.48005 0.52953 0.57959 0.62966
0.25412 0.27951 0.31655 0.36086 0.40936 0.46005 0.51171 0.56357 0.61515
0.2113 0.24162 0.28406 0.33311 0.38544 0.43919 0.49329 0.54713 0.60033
0.15729 0.19667 0.24746 0.30292 0.36003 0.41736 0.47422 0.53023 0.58516
0.069944 0.1381 0.20464 0.26954 0.33279 0.39441 0.45442 0.51282 0.56964
