18.897 19.037 19.268 19.585 19.984 20.46 21.004 21.613 22.28
18.875 19.013 19.241 19.554 19.947 20.415 20.952 21.551 22.207
18.853 18.99 19.214 19.522 19.91 20.372 20.901 21.491 22.137
18.832 18.966 19.187 19.491 19.874 20.329 20.851 21.433 22.07
18.81 18.942 19.16 19.46 19.837 20.286 20.801 21.375 22.004
18.788 18.919 19.133 19.429 19.801 20.244 20.752 21.319 21.939
18.767 18.895 19.107 19.398 19.765 20.202 20.704 21.264 21.876
18.745 18.871 19.08 19.368 19.73 20.161 20.656 21.209 21.814
18.723 18.848 19.054 19.337 19.694 20.12 20.609 21.155 21.753
18.701 18.824 19.027 19.307 19.659 20.079 20.562 21.102 21.693
18.68 18.801 19.001 19.277 19.624 20.039 20.516 21.049 21.633
18.658 18.777 18.975 19.247 19.59 19.999 20.47 20.997 21.575
18.636 18.754 18.948 19.217 19.555 19.96 20.425 20.946 21.517
18.614 18.73 18.922 19.187 19.521 19.92 20.38 20.895 21.46
18.592 18.707 18.896 19.157 19.487 19.881 20.335 20.845 21.404
18.571 18.683 18.87 19.127 19.453 19.842 20.291 20.795 21.348
18.549 18.66 18.844 19.098 19.419 19.803 20.247 20.745 21.293
18.527 18.636 18.818 19.068 19.385 19.765 20.204 20.696 21.238
18.505 18.613 18.792 19.039 19.352 19.727 20.16 20.648 21.184
18.483 18.589 18.766 19.009 19.318 19.689 20.118 20.6 21.13
18.461 18.566 18.74 18.98 19.285 19.651 20.075 20.552 21.077
18.439 18.543 18.714 18.951 19.252 19.614 20.033 20.504 21.025
18.417 18.519 18.688 18.922 19.219 19.577 19.99 20.457 20.972
18.395 18.496 18.662 18.893 19.187 19.54 19.949 20.41 20.92
18.373 18.472 18.636 18.864 19.154 19.503 19.907 20.364 20.869
18.351 18.449 18.611 18.836 19.122 19.466 19.866 20.318 20.818
18.329 18.425 18.585 18.807 19.089 19.429 19.825 20.272 20.767
18.307 18.402 18.559 18.778 19.057 19.393 19.784 20.226 20.717
18.285 18.379 18.534 18.75 19.025 19.357 19.743 20.181 20.667
18.263 18.355 18.508 18.721 18.993 19.321 19.703 20.136 20.617
18.241 18.332 18.483 18.693 18.961 19.285 19.663 20.092 20.568
18.219 18.308 18.457 18.665 18.929 19.25 19.623 20.047 20.519
18.197 18.285 18.432 18.637 18.898 19.214 19.584 20.003 20.47
18.174 18.262 18.406 18.608 18.866 19.179 19.544 19.959 20.421
18.152 18.238 18.381 18.58 18.835 19.144 19.505 19.916 20.373
18.13 18.215 18.356 18.552 18.804 19.109 19.466 19.872 20.326
18.108 18.191 18.33 18.524 18.773 19.074 19.427 19.829 20.278
18.085 18.168 18.305 18.496 18.742 19.039 19.388 19.786 20.231
18.063 18.144 18.28 18.469 18.711 19.005 19.35 19.744 20.184
18.041 18.121 18.254 18.441 18.68 18.971 19.312 19.701 20.137
18.019 18.098 18.229 18.413 18.649 18.936 19.274 19.659 20.091
17.996 18.074 18.204 18.385 18.618 18.902 19.236 19.617 20.045
17.974 18.051 18.179 18.358 18.588 18.868 19.198 19.576 19.999
17.952 18.027 18.154 18.33 18.557 18.834 19.16 19.534 19.953
17.929 18.004 18.128 18.303 18.527 18.801 19.123 19.493 19.908
17.907 17.98 18.103 18.275 18.497 18.767 19.086 19.452 19.863
17.884 17.957 18.078 18.248 18.467 18.734 19.049 19.411 19.818
17.862 17.934 18.053 18.221 18.437 18.701 19.012 19.37 19.773
17.839 17.91 18.028 18.194 18.407 18.668 18.976 19.33 19.729
17.817 17.887 18.003 18.166 18.377 18.635 18.939 19.29 19.685
17.794 17.863 17.978 18.139 18.347 18.602 18.903 19.25 19.641
17.772 17.84 17.953 18.112 18.317 18.569 18.867 19.21 19.597
17.749 17.816 17.928 18.085 18.288 18.536 18.831 19.17 19.554
17.727 17.793 17.903 18.058 18.258 18.504 18.795 19.131 19.511
17.704 17.769 17.878 18.031 18.229 18.471 18.759 19.091 19.468
17.681 17.746 17.853 18.004 18.199 18.439 18.723 19.052 19.425
17.659 17.722 17.828 17.977 18.17 18.407 18.688 19.013 19.382
17.636 17.699 17.803 17.95 18.141 18.375 18.653 18.975 19.34
17.613 17.675 17.778 17.924 18.112 18.343 18.618 18.936 19.298
17.591 17.652 17.753 17.897 18.082 18.311 18.583 18.898 19.256
17.568 17.628 17.728 17.87 18.053 18.279 18.548 18.86 19.214
17.545 17.604 17.704 17.843 18.025 18.248 18.513 18.822 19.173
17.522 17.581 17.679 17.817 17.996 18.216 18.479 18.784 19.131
17.5 17.557 17.654 17.79 17.967 18.185 18.445 18.746 19.09
17.477 17.534 17.629 17.764 17.938 18.154 18.41 18.709 19.05
17.454 17.51 17.604 17.737 17.909 18.122 18.376 18.672 19.009
17.431 17.486 17.579 17.711 17.881 18.091 18.342 18.635 18.968
17.408 17.463 17.555 17.684 17.852 18.06 18.309 18.598 18.928
17.385 17.439 17.53 17.658 17.824 18.029 18.275 18.561 18.888
17.362 17.415 17.505 17.631 17.795 17.999 18.241 18.524 18.848
17.339 17.392 17.48 17.605 17.767 17.968 18.208 18.488 18.809
17.316 17.368 17.455 17.579 17.739 17.937 18.175 18.452 18.769
17.293 17.344 17.43 17.552 17.711 17.907 18.141 18.416 18.73
17.27 17.321 17.406 17.526 17.682 17.876 18.108 18.38 18.691
17.247 17.297 17.381 17.5 17.654 17.846 18.075 18.344 18.652
17.224 17.273 17.356 17.473 17.626 17.816 18.043 18.308 18.613
17.2 17.249 17.331 17.447 17.598 17.785 18.01 18.273 18.574
17.177 17.226 17.307 17.421 17.57 17.755 17.977 18.237 18.536
17.154 17.202 17.282 17.395 17.542 17.725 17.945 18.202 18.498
17.131 17.178 17.257 17.369 17.515 17.695 17.913 18.167 18.46
17.108 17.154 17.232 17.343 17.487 17.666 17.88 18.132 18.422
17.084 17.13 17.207 17.317 17.459 17.636 17.848 18.097 18.384
17.061 17.106 17.183 17.291 17.431 17.606 17.816 18.063 18.347
17.038 17.082 17.158 17.265 17.404 17.577 17.784 18.028 18.31
17.014 17.059 17.133 17.238 17.376 17.547 17.753 17.994 18.273
16.991 17.035 17.108 17.212 17.348 17.518 17.721 17.96 18.236
16.967 17.011 17.083 17.186 17.321 17.488 17.689 17.926 18.199
16.944 16.987 17.059 17.16 17.293 17.459 17.658 17.892 18.162
16.92 16.963 17.034 17.135 17.266 17.43 17.626 17.858 18.126
16.897 16.939 17.009 17.109 17.239 17.4 17.595 17.824 18.089
16.873 16.915 16.984 17.083 17.211 17.371 17.564 17.791 18.053
16.85 16.891 16.959 17.057 17.184 17.342 17.533 17.758 18.017
16.826 16.867 16.934 17.031 17.157 17.313 17.502 17.724 17.981
16.802 16.842 16.91 17.005 17.129 17.284 17.471 17.691 17.946
16.779 16.818 16.885 16.979 17.102 17.255 17.44 17.658 17.91
16.755 16.794 16.86 16.953 17.075 17.227 17.41 17.625 17.875
16.731 16.77 16.835 16.927 17.048 17.198 17.379 17.592 17.84
16.708 16.746 16.81 16.901 17.021 17.169 17.348 17.56 17.805
16.684 16.722 16.785 16.876 16.994 17.141 17.318 17.527 17.77
16.66 16.697 16.76 16.85 16.967 17.112 17.288 17.495 17.735
16.636 16.673 16.736 16.824 16.94 17.084 17.257 17.462 17.7
16.612 16.649 16.711 16.798 16.913 17.055 17.227 17.43 17.666
16.588 16.625 16.686 16.772 16.886 17.027 17.197 17.398 17.632
16.564 16.6 16.661 16.747 16.859 16.998 17.167 17.366 17.597
16.54 16.576 16.636 16.721 16.832 16.97 17.137 17.334 17.563
16.516 16.552 16.611 16.695 16.805 16.942 17.107 17.303 17.529
16.492 16.527 16.586 16.669 16.778 16.914 17.077 17.271 17.496
16.468 16.503 16.561 16.643 16.751 16.885 17.048 17.239 17.462
16.444 16.478 16.536 16.618 16.724 16.857 17.018 17.208 17.428
16.42 16.454 16.511 16.592 16.697 16.829 16.988 17.176 17.395
16.396 16.429 16.486 16.566 16.671 16.801 16.959 17.145 17.362
16.371 16.405 16.461 16.54 16.644 16.773 16.929 17.114 17.328
16.347 16.38 16.436 16.514 16.617 16.745 16.9 17.083 17.295
16.323 16.356 16.411 16.489 16.59 16.717 16.871 17.052 17.263
16.299 16.331 16.386 16.463 16.564 16.689 16.841 17.021 17.23
16.274 16.306 16.36 16.437 16.537 16.662 16.812 16.99 17.197
16.25 16.282 16.335 16.411 16.51 16.634 16.783 16.959 17.164
16.225 16.257 16.31 16.385 16.484 16.606 16.754 16.929 17.132
16.201 16.232 16.285 16.359 16.457 16.578 16.725 16.898 17.1
16.177 16.208 16.26 16.334 16.43 16.551 16.696 16.868 17.067
16.152 16.183 16.235 16.308 16.404 16.523 16.667 16.837 17.035
16.127 16.158 16.209 16.282 16.377 16.495 16.638 16.807 17.003
16.103 16.133 16.184 16.256 16.35 16.468 16.609 16.777 16.971
16.078 16.108 16.159 16.23 16.324 16.44 16.58 16.747 16.94
16.054 16.083 16.133 16.204 16.297 16.412 16.552 16.716 16.908
16.029 16.058 16.108 16.179 16.27 16.385 16.523 16.686 16.876
16.004 16.033 16.083 16.153 16.244 16.357 16.494 16.656 16.845
15.979 16.008 16.057 16.127 16.217 16.33 16.466 16.627 16.813
15.955 15.983 16.032 16.101 16.191 16.302 16.437 16.597 16.782
15.93 15.958 16.007 16.075 16.164 16.275 16.409 16.567 16.751
15.905 15.933 15.981 16.049 16.137 16.248 16.38 16.537 16.72
15.88 15.908 15.956 16.023 16.111 16.22 16.352 16.508 16.689
15.855 15.883 15.93 15.997 16.084 16.193 16.324 16.478 16.658
15.83 15.858 15.905 15.971 16.058 16.165 16.295 16.449 16.627
15.805 15.833 15.879 15.945 16.031 16.138 16.267 16.419 16.596
15.78 15.807 15.854 15.919 16.004 16.111 16.239 16.39 16.565
15.755 15.782 15.828 15.893 15.978 16.083 16.21 16.36 16.535
15.73 15.757 15.802 15.867 15.951 16.056 16.182 16.331 16.504
15.704 15.731 15.777 15.841 15.925 16.029 16.154 16.302 16.474
15.679 15.706 15.751 15.815 15.898 16.001 16.126 16.273 16.443
15.654 15.681 15.725 15.789 15.871 15.974 16.098 16.244 16.413
15.629 15.655 15.7 15.763 15.845 15.947 16.07 16.214 16.383
15.603 15.63 15.674 15.737 15.818 15.92 16.042 16.185 16.352
15.578 15.604 15.648 15.71 15.792 15.892 16.014 16.156 16.322
15.552 15.579 15.622 15.684 15.765 15.865 15.985 16.127 16.292
15.527 15.553 15.597 15.658 15.738 15.838 15.957 16.099 16.262
15.501 15.527 15.571 15.632 15.712 15.81 15.93 16.07 16.232
15.476 15.502 15.545 15.606 15.685 15.783 15.902 16.041 16.202
15.45 15.476 15.519 15.579 15.658 15.756 15.874 16.012 16.173
15.425 15.45 15.493 15.553 15.632 15.729 15.846 15.983 16.143
15.399 15.424 15.467 15.527 15.605 15.702 15.818 15.955 16.113
15.373 15.399 15.441 15.5 15.578 15.674 15.79 15.926 16.083
15.348 15.373 15.415 15.474 15.551 15.647 15.762 15.897 16.054
15.322 15.347 15.389 15.448 15.525 15.62 15.734 15.869 16.024
15.296 15.321 15.362 15.421 15.498 15.593 15.706 15.84 15.995
15.27 15.295 15.336 15.395 15.471 15.565 15.678 15.811 15.965
15.244 15.269 15.31 15.368 15.444 15.538 15.651 15.783 15.936
15.218 15.243 15.284 15.342 15.417 15.511 15.623 15.754 15.907
15.192 15.217 15.258 15.315 15.391 15.483 15.595 15.726 15.877
15.166 15.19 15.231 15.289 15.364 15.456 15.567 15.697 15.848
15.14 15.164 15.205 15.262 15.337 15.429 15.539 15.669 15.819
15.114 15.138 15.179 15.236 15.31 15.402 15.512 15.641 15.79
15.088 15.112 15.152 15.209 15.283 15.374 15.484 15.612 15.761
15.061 15.085 15.126 15.182 15.256 15.347 15.456 15.584 15.731
15.035 15.059 15.099 15.156 15.229 15.32 15.428 15.555 15.702
15.009 15.033 15.073 15.129 15.202 15.292 15.4 15.527 15.673
14.982 15.006 15.046 15.102 15.175 15.265 15.373 15.499 15.644
14.956 14.98 15.02 15.076 15.148 15.238 15.345 15.47 15.615
14.93 14.953 14.993 15.049 15.121 15.21 15.317 15.442 15.586
14.903 14.927 14.966 15.022 15.094 15.183 15.289 15.414 15.557
14.877 14.9 14.94 14.995 15.067 15.155 15.262 15.386 15.529
14.85 14.873 14.913 14.968 15.04 15.128 15.234 15.357 15.5
14.823 14.847 14.886 14.941 15.013 15.101 15.206 15.329 15.471
14.797 14.82 14.859 14.914 14.985 15.073 15.178 15.301 15.442
14.77 14.793 14.832 14.887 14.958 15.046 15.15 15.273 15.413
14.743 14.766 14.805 14.86 14.931 15.018 15.122 15.244 15.384
14.716 14.74 14.778 14.833 14.904 14.991 15.095 15.216 15.356
14.689 14.713 14.751 14.806 14.876 14.963 15.067 15.188 15.327
14.662 14.686 14.724 14.779 14.849 14.936 15.039 15.16 15.298
14.636 14.659 14.697 14.751 14.822 14.908 15.011 15.131 15.269
14.608 14.632 14.67 14.724 14.794 14.88 14.983 15.103 15.241
14.581 14.604 14.643 14.697 14.767 14.853 14.955 15.075 15.212
14.554 14.577 14.616 14.67 14.739 14.825 14.927 15.047 15.183
14.527 14.55 14.588 14.642 14.712 14.797 14.899 15.018 15.155
14.5 14.523 14.561 14.615 14.684 14.77 14.871 14.99 15.126
14.473 14.495 14.534 14.587 14.657 14.742 14.843 14.962 15.097
14.445 14.468 14.506 14.56 14.629 14.714 14.816 14.934 15.069
14.418 14.441 14.479 14.532 14.601 14.686 14.788 14.905 15.04
14.39 14.413 14.451 14.505 14.574 14.659 14.759 14.877 15.012
14.363 14.386 14.424 14.477 14.546 14.631 14.731 14.849 14.983
14.335 14.358 14.396 14.449 14.518 14.603 14.703 14.82 14.954
14.308 14.331 14.369 14.422 14.49 14.575 14.675 14.792 14.926
14.28 14.303 14.341 14.394 14.463 14.547 14.647 14.764 14.897
14.253 14.275 14.313 14.366 14.435 14.519 14.619 14.735 14.868
14.225 14.247 14.285 14.338 14.407 14.491 14.591 14.707 14.84
14.197 14.22 14.257 14.311 14.379 14.463 14.563 14.679 14.811
14.169 14.192 14.23 14.283 14.351 14.435 14.535 14.65 14.782
14.141 14.164 14.202 14.255 14.323 14.407 14.506 14.622 14.754
14.113 14.136 14.174 14.227 14.295 14.379 14.478 14.593 14.725
14.085 14.108 14.146 14.199 14.267 14.35 14.45 14.565 14.696
14.057 14.08 14.118 14.17 14.239 14.322 14.421 14.536 14.668
14.029 14.052 14.089 14.142 14.21 14.294 14.393 14.508 14.639
14.001 14.023 14.061 14.114 14.182 14.266 14.365 14.479 14.61
13.973 13.995 14.033 14.086 14.154 14.237 14.336 14.451 14.582
13.944 13.967 14.005 14.057 14.126 14.209 14.308 14.422 14.553
13.916 13.939 13.976 14.029 14.097 14.181 14.279 14.394 14.524
13.888 13.91 13.948 14.001 14.069 14.152 14.251 14.365 14.495
13.859 13.882 13.919 13.972 14.04 14.124 14.222 14.337 14.467
13.831 13.853 13.891 13.944 14.012 14.095 14.194 14.308 14.438
13.802 13.825 13.862 13.915 13.983 14.066 14.165 14.279 14.409
13.773 13.796 13.834 13.887 13.955 14.038 14.136 14.25 14.38
13.745 13.767 13.805 13.858 13.926 14.009 14.108 14.222 14.351
13.716 13.739 13.776 13.829 13.897 13.98 14.079 14.193 14.322
13.687 13.71 13.747 13.8 13.868 13.952 14.05 14.164 14.294
13.658 13.681 13.719 13.772 13.84 13.923 14.021 14.135 14.265
13.629 13.652 13.69 13.743 13.811 13.894 13.993 14.106 14.236
13.6 13.623 13.661 13.714 13.782 13.865 13.964 14.077 14.207
13.571 13.594 13.632 13.685 13.753 13.836 13.935 14.048 14.178
13.542 13.565 13.603 13.656 13.724 13.807 13.906 14.02 14.149
13.513 13.536 13.573 13.627 13.695 13.778 13.877 13.99 14.12
13.484 13.506 13.544 13.597 13.666 13.749 13.848 13.961 14.091
13.454 13.477 13.515 13.568 13.636 13.72 13.819 13.932 14.061
13.425 13.448 13.486 13.539 13.607 13.691 13.789 13.903 14.032
13.395 13.418 13.456 13.51 13.578 13.661 13.76 13.874 14.003
13.366 13.389 13.427 13.48 13.549 13.632 13.731 13.845 13.974
13.336 13.359 13.397 13.451 13.519 13.603 13.702 13.816 13.945
13.307 13.33 13.368 13.421 13.49 13.573 13.672 13.786 13.915
13.277 13.3 13.338 13.392 13.46 13.544 13.643 13.757 13.886
13.247 13.27 13.308 13.362 13.431 13.514 13.613 13.728 13.857
13.217 13.24 13.279 13.332 13.401 13.485 13.584 13.698 13.827
13.187 13.21 13.249 13.302 13.371 13.455 13.554 13.669 13.798
13.157 13.18 13.219 13.273 13.342 13.426 13.525 13.639 13.768
13.127 13.15 13.189 13.243 13.312 13.396 13.495 13.61 13.739
13.097 13.12 13.159 13.213 13.282 13.366 13.466 13.58 13.709
13.067 13.09 13.129 13.183 13.252 13.336 13.436 13.55 13.68
13.037 13.06 13.099 13.153 13.222 13.306 13.406 13.521 13.65
13.007 13.03 13.068 13.122 13.192 13.276 13.376 13.491 13.621
12.976 12.999 13.038 13.092 13.162 13.246 13.346 13.461 13.591
12.946 12.969 13.008 13.062 13.132 13.216 13.316 13.431 13.561
12.915 12.938 12.977 13.032 13.101 13.186 13.286 13.401 13.531
12.884 12.908 12.947 13.001 13.071 13.156 13.256 13.371 13.501
12.854 12.877 12.916 12.971 13.041 13.126 13.226 13.341 13.472
12.823 12.847 12.886 12.94 13.01 13.095 13.196 13.311 13.442
12.792 12.816 12.855 12.91 12.98 13.065 13.166 13.281 13.412
12.761 12.785 12.824 12.879 12.949 13.035 13.135 13.251 13.382
12.73 12.754 12.793 12.848 12.918 13.004 13.105 13.221 13.351
12.699 12.723 12.762 12.817 12.888 12.973 13.074 13.19 13.321
12.668 12.692 12.731 12.786 12.857 12.943 13.044 13.16 13.291
12.637 12.661 12.7 12.755 12.826 12.912 13.013 13.13 13.261
12.606 12.629 12.669 12.724 12.795 12.881 12.983 13.099 13.231
12.574 12.598 12.638 12.693 12.764 12.85 12.952 13.069 13.2
12.543 12.567 12.606 12.662 12.733 12.819 12.921 13.038 13.17
12.511 12.535 12.575 12.631 12.702 12.788 12.89 13.007 13.139
12.48 12.504 12.544 12.599 12.671 12.757 12.86 12.977 13.109
12.448 12.472 12.512 12.568 12.639 12.726 12.829 12.946 13.078
12.416 12.44 12.48 12.536 12.608 12.695 12.798 12.915 13.048
12.384 12.409 12.449 12.505 12.576 12.664 12.766 12.884 13.017
12.353 12.377 12.417 12.473 12.545 12.632 12.735 12.853 12.986
12.321 12.345 12.385 12.441 12.513 12.601 12.704 12.822 12.955
12.288 12.313 12.353 12.41 12.482 12.57 12.673 12.791 12.925
12.256 12.281 12.321 12.378 12.45 12.538 12.641 12.76 12.894
12.224 12.248 12.289 12.346 12.418 12.506 12.61 12.729 12.863
12.192 12.216 12.257 12.314 12.386 12.475 12.578 12.697 12.832
12.159 12.184 12.225 12.281 12.354 12.443 12.547 12.666 12.8
12.127 12.151 12.192 12.249 12.322 12.411 12.515 12.635 12.769
12.094 12.119 12.16 12.217 12.29 12.379 12.483 12.603 12.738
12.061 12.086 12.127 12.184 12.258 12.347 12.452 12.572 12.707
12.029 12.053 12.095 12.152 12.225 12.315 12.42 12.54 12.675
11.996 12.021 12.062 12.119 12.193 12.283 12.388 12.508 12.644
11.963 11.988 12.029 12.087 12.161 12.25 12.356 12.476 12.612
11.93 11.955 11.996 12.054 12.128 12.218 12.324 12.445 12.581
11.897 11.922 11.963 12.021 12.095 12.186 12.291 12.413 12.549
11.863 11.889 11.93 11.988 12.063 12.153 12.259 12.381 12.517
11.83 11.855 11.897 11.955 12.03 12.12 12.227 12.349 12.485
11.797 11.822 11.864 11.922 11.997 12.088 12.194 12.316 12.454
11.763 11.788 11.83 11.889 11.964 12.055 12.162 12.284 12.422
11.73 11.755 11.797 11.856 11.931 12.022 12.129 12.252 12.39
11.696 11.721 11.763 11.822 11.898 11.989 12.096 12.219 12.357
11.662 11.688 11.73 11.789 11.864 11.956 12.064 12.187 12.325
11.628 11.654 11.696 11.755 11.831 11.923 12.031 12.154 12.293
11.594 11.62 11.662 11.722 11.798 11.89 11.998 12.122 12.261
11.56 11.586 11.628 11.688 11.764 11.856 11.965 12.089 12.228
11.526 11.552 11.594 11.654 11.73 11.823 11.932 12.056 12.196
11.492 11.517 11.56 11.62 11.697 11.79 11.898 12.023 12.163
11.457 11.483 11.526 11.586 11.663 11.756 11.865 11.99 12.13
11.423 11.449 11.492 11.552 11.629 11.722 11.832 11.957 12.098
11.388 11.414 11.457 11.518 11.595 11.688 11.798 11.924 12.065
11.353 11.379 11.423 11.483 11.561 11.655 11.765 11.891 12.032
11.318 11.345 11.388 11.449 11.526 11.621 11.731 11.857 11.999
11.284 11.31 11.353 11.414 11.492 11.587 11.697 11.824 11.966
11.248 11.275 11.319 11.38 11.458 11.552 11.663 11.79 11.933
11.213 11.24 11.284 11.345 11.423 11.518 11.629 11.757 11.899
11.178 11.205 11.249 11.31 11.389 11.484 11.595 11.723 11.866
11.143 11.169 11.213 11.275 11.354 11.449 11.561 11.689 11.833
11.107 11.134 11.178 11.24 11.319 11.415 11.527 11.655 11.799
11.072 11.098 11.143 11.205 11.284 11.38 11.493 11.621 11.766
11.036 11.063 11.107 11.169 11.249 11.345 11.458 11.587 11.732
11 11.027 11.072 11.134 11.214 11.31 11.424 11.553 11.698
10.964 10.991 11.036 11.099 11.178 11.275 11.389 11.519 11.664
10.928 10.955 11 11.063 11.143 11.24 11.354 11.484 11.63
10.892 10.919 10.964 11.027 11.108 11.205 11.319 11.45 11.596
10.856 10.883 10.928 10.991 11.072 11.17 11.284 11.415 11.562
10.819 10.847 10.892 10.955 11.036 11.134 11.249 11.381 11.528
10.783 10.81 10.856 10.919 11 11.099 11.214 11.346 11.493
10.746 10.773 10.819 10.883 10.964 11.063 11.179 11.311 11.459
10.709 10.737 10.783 10.847 10.928 11.027 11.143 11.276 11.424
10.672 10.7 10.746 10.81 10.892 10.992 11.108 11.241 11.389
10.635 10.663 10.709 10.774 10.856 10.956 11.072 11.205 11.355
10.598 10.626 10.672 10.737 10.819 10.919 11.036 11.17 11.32
10.561 10.589 10.635 10.7 10.783 10.883 11.001 11.135 11.285
10.523 10.551 10.598 10.663 10.746 10.847 10.965 11.099 11.25
10.486 10.514 10.561 10.626 10.709 10.81 10.929 11.063 11.214
10.448 10.476 10.523 10.589 10.672 10.774 10.892 11.028 11.179
10.41 10.438 10.486 10.551 10.635 10.737 10.856 10.992 11.144
10.372 10.401 10.448 10.514 10.598 10.7 10.82 10.956 11.108
10.334 10.363 10.41 10.476 10.561 10.663 10.783 10.92 11.073
10.296 10.324 10.372 10.439 10.523 10.626 10.746 10.883 11.037
10.257 10.286 10.334 10.401 10.486 10.589 10.709 10.847 11.001
10.219 10.248 10.296 10.363 10.448 10.551 10.673 10.811 10.965
10.18 10.209 10.257 10.324 10.41 10.514 10.635 10.774 10.929
10.141 10.17 10.219 10.286 10.372 10.476 10.598 10.737 10.893
10.102 10.131 10.18 10.248 10.334 10.439 10.561 10.7 10.856
10.063 10.092 10.141 10.209 10.296 10.401 10.523 10.663 10.82
10.024 10.053 10.102 10.17 10.257 10.363 10.486 10.626 10.783
9.9841 10.014 10.063 10.131 10.219 10.324 10.448 10.589 10.747
9.9445 9.9743 10.024 10.092 10.18 10.286 10.41 10.552 10.71
9.9047 9.9346 9.9842 10.053 10.141 10.248 10.372 10.514 10.673
9.8648 9.8948 9.9445 10.014 10.102 10.209 10.334 10.477 10.636
9.8247 9.8548 9.9048 9.9743 10.063 10.17 10.296 10.439 10.598
9.7844 9.8147 9.8648 9.9346 10.024 10.131 10.257 10.401 10.561
9.744 9.7744 9.8247 9.8948 9.9842 10.092 10.219 10.363 10.524
9.7034 9.7339 9.7845 9.8548 9.9446 10.053 10.18 10.325 10.486
9.6626 9.6932 9.744 9.8147 9.9048 10.014 10.141 10.286 10.448
9.6217 9.6524 9.7034 9.7744 9.8649 9.9743 10.102 10.248 10.41
9.5806 9.6114 9.6626 9.7339 9.8248 9.9347 10.063 10.209 10.372
9.5393 9.5703 9.6217 9.6933 9.7845 9.8949 10.024 10.17 10.334
9.4978 9.5289 9.5806 9.6524 9.7441 9.8549 9.9843 10.132 10.296
9.4561 9.4874 9.5393 9.6115 9.7034 9.8147 9.9446 10.092 10.257
9.4143 9.4457 9.4978 9.5703 9.6627 9.7744 9.9049 10.053 10.219
9.3723 9.4038 9.4562 9.5289 9.6217 9.7339 9.8649 10.014 10.18
9.3301 9.3617 9.4143 9.4874 9.5806 9.6933 9.8248 9.9744 10.141
9.2876 9.3195 9.3723 9.4457 9.5393 9.6525 9.7845 9.9347 10.102
9.245 9.277 9.3301 9.4038 9.4978 9.6115 9.7441 9.8949 10.063
9.2022 9.2344 9.2877 9.3618 9.4562 9.5703 9.7035 9.8549 10.024
9.1592 9.1915 9.245 9.3195 9.4143 9.529 9.6627 9.8148 9.9843
9.116 9.1485 9.2022 9.277 9.3723 9.4874 9.6218 9.7745 9.9447
9.0726 9.1052 9.1592 9.2344 9.3301 9.4457 9.5806 9.734 9.9049
9.029 9.0617 9.116 9.1915 9.2877 9.4039 9.5393 9.6933 9.865
8.9852 9.0181 9.0726 9.1485 9.2451 9.3618 9.4979 9.6525 9.8249
8.9411 8.9742 9.029 9.1052 9.2023 9.3195 9.4562 9.6115 9.7846
8.8969 8.9301 8.9852 9.0617 9.1593 9.277 9.4144 9.5704 9.7441
8.8524 8.8858 8.9411 9.0181 9.1161 9.2344 9.3723 9.529 9.7035
8.8077 8.8412 8.8969 8.9742 9.0726 9.1915 9.3301 9.4875 9.6628
8.7627 8.7965 8.8524 8.9301 9.029 9.1485 9.2877 9.4458 9.6218
8.7176 8.7515 8.8077 8.8858 8.9852 9.1052 9.2451 9.4039 9.5807
8.6722 8.7062 8.7627 8.8412 8.9411 9.0618 9.2023 9.3618 9.5394
8.6265 8.6608 8.7176 8.7965 8.8969 9.0181 9.1593 9.3195 9.4979
8.5806 8.6151 8.6722 8.7515 8.8524 8.9742 9.1161 9.2771 9.4562
8.5345 8.5691 8.6265 8.7062 8.8077 8.9301 9.0727 9.2344 9.4144
8.4881 8.5229 8.5806 8.6608 8.7627 8.8858 9.029 9.1916 9.3724
8.4415 8.4765 8.5345 8.6151 8.7176 8.8412 8.9852 9.1485 9.3301
8.3946 8.4298 8.4881 8.5691 8.6722 8.7965 8.9412 9.1052 9.2877
8.3474 8.3828 8.4415 8.5229 8.6265 8.7515 8.8969 9.0618 9.2451
8.3 8.3356 8.3946 8.4765 8.5806 8.7062 8.8524 9.0181 9.2023
8.2523 8.2881 8.3474 8.4298 8.5345 8.6608 8.8077 8.9742 9.1593
8.2043 8.2403 8.3 8.3828 8.4881 8.6151 8.7628 8.9301 9.1161
8.156 8.1923 8.2523 8.3356 8.4415 8.5691 8.7176 8.8858 9.0727
8.1075 8.1439 8.2043 8.2881 8.3946 8.5229 8.6722 8.8413 9.029
8.0587 8.0953 8.1561 8.2403 8.3474 8.4765 8.6265 8.7965 8.9852
8.0095 8.0464 8.1075 8.1923 8.3 8.4298 8.5806 8.7515 8.9412
7.9601 7.9972 8.0587 8.1439 8.2523 8.3828 8.5345 8.7063 8.8969
7.9103 7.9477 8.0095 8.0953 8.2043 8.3356 8.4881 8.6608 8.8524
7.8603 7.8978 7.9601 8.0464 8.1561 8.2881 8.4415 8.6151 8.8077
7.8099 7.8477 7.9103 7.9972 8.1075 8.2403 8.3946 8.5691 8.7628
7.7592 7.7972 7.8603 7.9477 8.0587 8.1923 8.3474 8.5229 8.7176
7.7081 7.7464 7.8099 7.8978 8.0095 8.1439 8.3 8.4765 8.6722
7.6567 7.6953 7.7592 7.8477 7.9601 8.0953 8.2523 8.4298 8.6265
7.605 7.6438 7.7081 7.7972 7.9103 8.0464 8.2043 8.3828 8.5807
7.5529 7.592 7.6567 7.7464 7.8603 7.9972 8.1561 8.3356 8.5345
7.5004 7.5398 7.605 7.6953 7.8099 7.9477 8.1075 8.2881 8.4881
7.4476 7.4873 7.5529 7.6438 7.7592 7.8978 8.0587 8.2403 8.4415
7.3944 7.4344 7.5005 7.592 7.7081 7.8477 8.0095 8.1923 8.3946
7.3408 7.3811 7.4476 7.5398 7.6567 7.7972 7.9601 8.1439 8.3474
7.2869 7.3274 7.3944 7.4873 7.605 7.7464 7.9103 8.0953 8.3
7.2325 7.2733 7.3408 7.4344 7.5529 7.6953 7.8603 8.0464 8.2523
7.1777 7.2188 7.2869 7.3811 7.5005 7.6438 7.8099 7.9972 8.2043
7.1225 7.1639 7.2325 7.3274 7.4476 7.592 7.7592 7.9477 8.1561
7.0668 7.1086 7.1777 7.2733 7.3944 7.5398 7.7081 7.8978 8.1075
7.0108 7.0529 7.1225 7.2188 7.3408 7.4873 7.6567 7.8477 8.0587
6.9542 6.9967 7.0668 7.1639 7.2869 7.4344 7.605 7.7972 8.0095
6.8972 6.94 7.0108 7.1086 7.2325 7.3811 7.5529 7.7464 7.9601
6.8397 6.8829 6.9542 7.0529 7.1777 7.3274 7.5005 7.6953 7.9103
6.7818 6.8253 6.8972 6.9967 7.1225 7.2733 7.4476 7.6438 7.8603
6.7233 6.7672 6.8397 6.94 7.0668 7.2188 7.3944 7.592 7.8099
6.6643 6.7086 6.7818 6.8829 7.0108 7.1639 7.3408 7.5398 7.7592
6.6048 6.6495 6.7233 6.8253 6.9542 7.1086 7.2869 7.4873 7.7081
6.5448 6.5899 6.6643 6.7672 6.8972 7.0529 7.2325 7.4344 7.6567
6.4842 6.5297 6.6048 6.7086 6.8397 6.9967 7.1777 7.3811 7.605
6.423 6.4689 6.5448 6.6495 6.7818 6.94 7.1225 7.3274 7.5529
6.3612 6.4076 6.4842 6.5899 6.7233 6.8829 7.0668 7.2733 7.5005
6.2989 6.3457 6.423 6.5297 6.6643 6.8253 7.0108 7.2188 7.4476
6.2359 6.2832 6.3612 6.4689 6.6048 6.7672 6.9542 7.1639 7.3944
6.1723 6.22 6.2989 6.4076 6.5448 6.7086 6.8972 7.1086 7.3408
6.108 6.1562 6.2359 6.3457 6.4842 6.6495 6.8397 7.0529 7.2869
6.043 6.0918 6.1723 6.2832 6.423 6.5899 6.7818 6.9967 7.2325
5.9773 6.0266 6.108 6.22 6.3612 6.5297 6.7233 6.94 7.1777
5.9109 5.9608 6.043 6.1562 6.2989 6.4689 6.6643 6.8829 7.1225
5.8437 5.8942 5.9773 6.0918 6.2359 6.4076 6.6048 6.8253 7.0668
5.7757 5.8268 5.9109 6.0266 6.1723 6.3457 6.5448 6.7672 7.0108
5.707 5.7586 5.8437 5.9608 6.108 6.2832 6.4842 6.7086 6.9542
5.6374 5.6897 5.7757 5.8942 6.043 6.22 6.423 6.6495 6.8972
5.5669 5.6199 5.707 5.8268 5.9773 6.1562 6.3612 6.5899 6.8397
5.4955 5.5492 5.6374 5.7586 5.9109 6.0918 6.2989 6.5297 6.7818
5.4232 5.4776 5.5669 5.6897 5.8437 6.0266 6.2359 6.4689 6.7233
5.3499 5.405 5.4955 5.6199 5.7757 5.9608 6.1723 6.4076 6.6643
5.2756 5.3315 5.4232 5.5492 5.707 5.8942 6.108 6.3457 6.6048
5.2003 5.2569 5.3499 5.4776 5.6374 5.8268 6.043 6.2832 6.5448
5.1238 5.1812 5.2756 5.405 5.5669 5.7586 5.9773 6.22 6.4842
5.0461 5.1045 5.2003 5.3315 5.4955 5.6897 5.9109 6.1562 6.423
4.9673 5.0265 5.1238 5.2569 5.4232 5.6199 5.8437 6.0918 6.3612
4.8872 4.9474 5.0461 5.1812 5.3499 5.5492 5.7757 6.0266 6.2989
4.8057 4.8669 4.9673 5.1045 5.2756 5.4776 5.707 5.9608 6.2359
4.7228 4.7851 4.8872 5.0265 5.2003 5.405 5.6374 5.8942 6.1723
4.6385 4.7019 4.8057 4.9474 5.1238 5.3315 5.5669 5.8268 6.108
4.5526 4.6172 4.7228 4.8669 5.0461 5.2569 5.4955 5.7586 6.043
4.465 4.5309 4.6385 4.7851 4.9673 5.1812 5.4232 5.6897 5.9773
4.3757 4.4429 4.5526 4.7019 4.8872 5.1045 5.3499 5.6199 5.9109
4.2846 4.3531 4.465 4.6172 4.8057 5.0265 5.2756 5.5492 5.8437
4.1914 4.2615 4.3757 4.5309 4.7228 4.9474 5.2003 5.4776 5.7757
4.0961 4.1678 4.2846 4.4429 4.6385 4.8669 5.1238 5.405 5.707
3.9986 4.072 4.1914 4.3531 4.5526 4.7851 5.0461 5.3315 5.6374
3.8986 3.9738 4.0961 4.2615 4.465 4.7019 4.9673 5.2569 5.5669
3.796 3.8732 3.9986 4.1678 4.3757 4.6172 4.8872 5.1812 5.4955
3.6905 3.7699 3.8986 4.072 4.2846 4.5309 4.8057 5.1045 5.4232
3.582 3.6637 3.796 3.9738 4.1914 4.4429 4.7228 5.0265 5.3499
3.47 3.5543 3.6905 3.8732 4.0961 4.3531 4.6385 4.9474 5.2756
3.3543 3.4414 3.582 3.7699 3.9986 4.2615 4.5526 4.8669 5.2003
3.2345 3.3248 3.47 3.6637 3.8986 4.1678 4.465 4.7851 5.1238
3.11 3.2038 3.3543 3.5543 3.796 4.072 4.3757 4.7019 5.0461
2.9804 3.0781 3.2345 3.4414 3.6905 3.9738 4.2846 4.6172 4.9673
2.8448 2.9471 3.11 3.3248 3.582 3.8732 4.1914 4.5309 4.8872
2.7025 2.8099 2.9804 3.2038 3.47 3.7699 4.0961 4.4429 4.8057
2.5522 2.6657 2.8448 3.0781 3.3543 3.6637 3.9986 4.3531 4.7229
2.3926 2.5133 2.7025 2.9471 3.2345 3.5543 3.8986 4.2615 4.6385
2.2214 2.351 2.5522 2.8099 3.11 3.4414 3.796 4.1678 4.5526
2.036 2.1766 2.3926 2.6657 2.9804 3.3248 3.6905 4.072 4.465
1.8319 1.9869 2.2214 2.5133 2.8448 3.2038 3.582 3.9738 4.3757
1.6019 1.7772 2.036 2.351 2.7025 3.0781 3.47 3.8732 4.2846
1.3329 1.5391 1.8319 2.1766 2.5522 2.9471 3.3543 3.7699 4.1914
0.9935 1.2567 1.6019 1.9869 2.3926 2.8099 3.2345 3.6637 4.0961
0.44471 0.88863 1.3329 1.7772 2.2214 2.6657 3.11 3.5543 3.9986
