 k0=[
   1.8773769864637462     
  0.96856245278904962     
   8.3892180867605901E-002
 -0.19844129346907069     
   6.0196363964971175E-002
  0.96620682010373182     
   1.8786546556195147     
   2.2202277087682942     
   1.8773769864637437     
  0.96856245278904407     
   8.3892180867612132E-002
 -0.19844129346908049     
   6.0196363964966325E-002
  0.96620682010374559     
   1.8786546556195087     
   2.2202277087682827     
   1.8773769864637495     
  0.96856245278902731     
   8.3892180867635030E-002
 -0.19844129346908101     
   6.0196363964950157E-002
  0.96620682010375925     
   1.8786546556194952     
   2.2202277087683004     
   1.8773769864637451     
  0.96856245278905517     
   8.3892180867608218E-002
 -0.19844129346907968     
   6.0196363964970939E-002
  0.96620682010376646     
   1.8786546556194501     
   2.2202277087683147     
   1.8773769864637462     
 ];
