 k1=[
   1.7369144575131605     
   1.0143421033937634     
   7.2643488607366788E-002
 -0.20625426504236891     
   7.9103722351959921E-002
  0.94193500341191416     
   1.9037351965713398     
   2.1978369094439829     
   1.8947383954293238     
  0.95732901529736958     
   8.9110337111273558E-002
 -0.19879830934372322     
   5.7589898378997723E-002
  0.96952222444531189     
   1.8768229519198589     
   2.2188328272587907     
   1.8829937095250742     
  0.95863864938406340     
   9.7296179593998708E-002
 -0.21374489944762476     
   7.5359958335804569E-002
  0.95329582009413971     
   1.8875468690605828     
   2.2163829716666190     
   1.8761923332066992     
  0.97351734280810642     
   7.7749520429090002E-002
 -0.19505454532761185     
   6.5080532784275016E-002
  0.94486953345870117     
   1.9325264059295089     
   2.0727535752468813     
   1.7369144575131605     
 ];
