 n0=[
   2.2763709761989475     
   4.9027681731592061     
   3.4074985977088135     
 -0.29572627525614420     
  -2.6991243570767085     
  -5.4627355668326700     
  -3.2614096487956248     
   5.4086959183478354E-002
   3.1993922274489104     
   5.3667132241154016     
   2.7989698888892161     
  0.23540928373647568     
  -3.0671229839379475     
  -5.2885572420864460     
  -3.2494497403419245     
 -0.10683359592588151     
   3.4521348219134356     
   5.0881409855919131     
   3.0402128404197617     
   8.1102059283732250E-002
  -3.0276075986125464     
  -5.2116291650018880     
  -3.4182302898680001     
  0.10735528437566806     
   3.2526605526415242     
   5.2098925830426932     
   3.0500762907201207     
  -9.3073957799109541E-002
  -2.6902946493986355     
  -5.6558429993749417     
  -3.0640769279093423     
   1.0689302497885116     
   2.2763709761989475     
 ];
