 theta2=[
   1.7208699963846108     
   1.7380472305170360     
   1.7550382172573351     
   1.7718365610809286     
   1.7884361275388547     
   1.8048310515713650     
   1.8210157454564337     
   1.8369849063824111     
   1.8527335236345568     
   1.8682568853857147     
   1.8835505850819272     
   1.8986105274143326     
   1.9134329338692537     
   1.9280143478489560     
   1.9423516393561355     
   1.9564420092357879     
   1.9702829929687091     
   1.9838724640114886     
   1.9972086366784654     
   2.0102900685617451     
   2.0231156624859956     
   2.0356846679953717     
   2.0479966823705587     
   2.0600516511745459     
   2.0718498683264057     
   2.0833919757029626     
   2.0946789622689024     
   2.1057121627364981     
   2.1164932557567644     
   2.1270242616445012     
   2.1373075396402967     
   2.1473457847132158     
   2.1571420239084924     
   2.1666996122451856     
   2.1760222281693533     
   2.1851138685689104     
   2.1939788433569221     
   2.2026217696306762     
   2.2110475654144515     
   2.2192614429944602     
   2.2272689018549965     
   2.2350757212253636     
   2.2426879522476884     
   2.2501119097762237     
   2.2573541638192651     
   2.2644215306352722     
   2.2713210634952645     
   2.2780600431240137     
   2.2846459678329762     
   2.2910865433583565     
   2.2973896724180514     
   2.3035634440016448     
   2.3096161224079590     
   2.3155561360450232     
   2.3213920660076344     
   2.3271326344479935     
   2.3327866927551750     
   2.3383632095594535     
   2.3438712585777384     
   2.3493200063165918     
   2.3547186996494984     
   2.3600766532852178     
   2.3654032371442000     
   2.3707078636601868     
   2.3759999750241851     
   2.3812890303881238     
   2.3865844930455160     
   2.3918958176065135     
   2.3972324371847273     
   2.4026037506131814     
   2.4080191097067249     
   2.4134878065881642     
   2.4190190610952902     
   2.4246220082858723     
   2.4303056860575456     
   2.4360790228993725     
   2.4419508257916811     
   2.4479297682705718     
   2.4540243786732745     
   2.4602430285802859     
   2.4665939214699391     
   2.4730850816008054     
   2.4797243431369642     
   2.4865193395309073     
   2.4934774931784451     
   2.5006060053596504     
   2.5079118464794599     
   2.5154017466211664     
   2.5230821864256030     
   2.5309593883083794     
   2.5390393080270717     
   2.5473276266097953     
   2.5558297426561025     
   2.5645507650206332     
   2.5734955058894373     
   2.5826684742583508     
   2.5920738698222676     
   2.6017155772835840     
   2.6115971610875279     
   2.6217218605915127     
   2.6320925856750641     
   2.6427119127962562     
   2.6535820815000215     
   2.6647049913830463     
   2.6760821995193820     
   2.6877149183502467     
   2.6996040140408915     
   2.7117500053067438     
   2.7241530627104291     
   2.7368130084306204     
   2.7497293165030241     
   2.7629011135331862     
   2.7763271798801421     
   2.7900059513093116     
   2.8039355211123977     
   2.8181136426914168     
   2.8325377326033570     
   2.8472048740613398     
   2.8621118208875416     
   2.8772550019125100     
   2.8926305258149263     
   2.9082341863952421     
   2.9240614682760517     
   2.9401075530214698     
   2.9563673256672245     
   2.9728353816526156     
   2.9895060341449406     
   3.0063733217464659     
   3.0234310165734968     
   3.0406726326965989     
   3.0580914349305268     
   3.0756804479619575     
   3.0934324658026471     
   3.1113400615552114     
   3.1293955974782839     
   3.1475912353374196     
   3.1659189470277109     
   3.1843705254537227     
   3.2029375956520023     
   3.2216116261410876     
   3.2403839404836341     
   3.2592457290449879     
   3.2781880609322771     
   3.2972018960978309     
   3.3162780975905335     
   3.3354074439384989     
   3.3545806416462955     
   3.3737883377897773     
   3.3930211326914543     
   3.4122695926592268     
   3.4315242627712141     
   3.4507756796893565     
   3.4700143844844238     
   3.4892309354550450     
   3.5084159209233965     
   3.5275599719901951     
   3.5466537752317220     
   3.5656880853216588     
   3.5846537375606395     
   3.6035416602965347     
   3.6223428872186338     
   3.6410485695090644     
   3.6596499878349853     
   3.6781385641652911     
   3.6965058733958305     
   3.7147436547673611     
   3.7328438230607888     
   3.7507984795545033     
   3.7685999227289724     
   3.7862406587040742     
   3.8037134113950395     
   3.8210111323732221     
   3.8381270104183476     
   3.8550544807492906     
   3.8717872339208670     
   3.8883192243745888     
   3.9046446786317910     
   3.9207581031180290     
   3.9366542916081384     
   3.9523283322818736     
   3.9677756143805563     
   3.9829918344557189     
   3.9979730022012703     
   4.0127154458612813     
   4.0272158172060619     
   4.0414710960697855     
   4.0554785944435094     
   4.0692359601180499     
   4.0827411798717641     
   4.0959925821989369     
   4.1089888395750513     
   4.1217289702558917     
   4.1342123396080357     
   4.1464386609689265     
   4.1584079960353701     
   4.1701207547799184     
   4.1815776948952639     
   4.1927799207673893     
   4.2037288819788730     
   4.2144263713443664     
   4.2248745224809188     
   4.2350758069164307     
   4.2450330307401680     
   4.2547493307998590     
   4.2642281704505418     
   4.2734733348609222     
   4.2824889258835945     
   4.2912793564960818     
   4.2998493448202382     
   4.3082039077280978     
   4.3163483540428640     
   4.3242882773442197     
   4.3320295483877409     
   4.3395783071486669     
   4.3469409545008171     
   4.3541241435419256     
   4.3611347705771646     
   4.3679799657730527     
   4.3746670834944386     
   4.3812036923376372     
   4.3875975648732304     
   4.3938566671124475     
   4.3999891477113771     
   4.4060033269276566     
   4.4119076853446035     
   4.4177108523780690     
   4.4234215945815851     
   4.4290488037656619     
   4.4346014849473328     
   4.4400887441462782     
   4.4455197760440637     
   4.4509038515232291     
   4.4562503051030973     
   4.4615685222893511     
   4.4668679268545031     
   4.4721579680665116     
   4.4774481078828368     
   4.4827478081273089     
   4.4880665176671712     
   4.4934136596076852     
   4.4987986185216435     
   4.5042307277311133     
   4.5097192566586264     
   4.5152733982649753     
   4.5209022565906265     
   4.5266148344176464     
   4.5324200210688508     
   4.5383265803607244     
   4.5443431387264246     
   4.5504781735249713     
   4.5567400015524742     
   4.5631367677709473     
   4.5696764342700114     
   4.5763667694764214     
   4.5832153376260560     
   4.5902294885126320     
   4.5974163475270373     
   4.6047828060007827     
   4.6123355118666538     
   4.6200808606492307     
   4.6280249867974748     
   4.6361737553711349     
   4.6445327540922365     
   4.6531072857724292     
   4.6619023611264545     
   4.6709226919814668     
   4.6801726848914242     
   4.6896564351651886     
   4.6993777213164378     
   4.7093399999429062     
   4.7195464010418968     
   4.7299997237684144     
   4.7407024326416636     
   4.7516566542050542     
   4.7628641741442479     
   4.7743264348671381     
   4.7860445335490578     
   4.7980192206458518     
   4.8102508988768360     
   4.8227396226790189     
   4.8354850981333293     
   4.8484866833629425     
   4.8617433894031725     
   4.8752538815417479     
   4.8890164811276513     
   4.9030291678460856     
   4.9172895824564602     
   4.9317950299897113     
   4.9465424834006040     
   4.9615285876700819     
   4.9767496643520843     
   4.9922017165586965     
   5.0078804343768555     
   5.0237812007092719     
   5.0398990975316673     
   5.0562289125578284     
   5.0727651463034622     
   5.0895020195392657     
   5.1064334811231111     
   5.1235532162007456     
   5.1408546547638743     
   5.1583309805540374     
   5.1759751403002152     
   5.1937798532776371     
   5.2117376211748443     
   5.2298407382556347     
   5.2480813018021104     
   5.2664512228246867     
   5.2849422370245431     
   5.3035459159936487     
   5.3222536786372086     
   5.3410568028030196     
   5.3599464371020078     
   5.3789136129038990     
   5.3979492564917848     
   5.4170442013591025     
   5.4361892006323655     
   5.4553749396028168     
   5.4745920483500043     
   5.4938311144401881     
   5.5130826956823595     
   5.5323373329245911     
   5.5515855628733695     
   5.5708179309185422     
   5.5900250039464989     
   5.6091973831242150     
   5.6283257166368417     
   5.6474007123615735     
   5.6664131504606168     
   5.6853538958762053     
   5.7042139107107017     
   5.7229842664750450     
   5.7416561561889079     
   5.7602209063161869     
   5.7786699885196544     
   5.7969950312188132     
   5.8151878309353302     
   5.8332403634106340     
   5.8511447944806454     
   5.8688934906928729     
   5.8864790296515057     
   5.9038942100764693     
   5.9211320615628313     
   5.9381858540272949     
   5.9550491068290281     
   5.9717155975524223     
   5.9881793704398998     
   6.0044347444633468     
   6.0204763210232093     
   6.0362989912648493     
   6.0518979430022153     
   6.0672686672394729     
   6.0824069642817253     
   6.0973089494265791     
   6.1119710582288063     
   6.1263900513309917     
   6.1405630188536104     
   6.1544873843385881     
   6.1681609082409938     
   6.1815816909641388     
   6.1947481754339737     
   6.2076591492092792     
   6.2203137461248046     
   6.2327114474651228     
   6.2448520826676077     
   6.2567358295535866     
   6.2683632140873531     
   6.2797351096633616     
   6.2908527359225754     
   6.3017176570995765     
   6.3123317799026601     
   6.3226973509298121     
   6.3328169536240413     
   6.3426935047722290     
   6.3523302505521979     
   6.3617307621333996     
   6.3708989308371535     
   6.3798389628630074     
   6.3885553735883684     
   6.3970529814491206     
   6.4053369014095365     
   6.4134125380303146     
   6.4212855781441611     
   6.4289619831488052     
   6.4364479809279445     
   6.4437500574110134     
   6.4508749477832552     
   6.4578296273579952     
   6.4646213021234757     
   6.4712573989770821     
   6.4777455556601788     
   6.4840936104072142     
   6.4903095913230926     
   6.4964017055032519     
   6.5023783279111420     
   6.5082479900282264     
   6.5140193682918515     
   6.5197012723366674     
   6.5253026330555493     
   6.5308324904961648     
   6.5362999816096323     
   6.5417143278678367     
   6.5470848227662106     
   6.5524208192288995     
   6.5577317169333931     
   6.5630269495717899     
   6.5683159720659727     
   6.5736082477540014     
   6.5789132355651043     
   6.5842403772006532     
   6.5895990843384720     
   6.5949987258778435     
   6.6004486152424864     
   6.6059579977587202     
   6.6115360381259096     
   6.6171918079961847     
   6.6229342736802561     
   6.6287722839959953     
   6.6347145582762455     
   6.6407696745521090     
   6.6469460579277406     
   6.6532519691623797     
   6.6596954934751231     
   6.6662845295875783     
   6.6730267790192803     
   6.6799297356503473     
   6.6870006755655531     
   6.6942466471935411     
   6.7016744617545854     
   6.7092906840298134     
   6.7171016234644059     
   6.7251133256168547     
   6.7333315639658231     
   6.7417618320857553     
   6.7504093362018160     
   6.7592789881342519     
   6.7683753986417390     
   6.7777028711727461     
   6.7872653960333658     
   6.7970666449795250     
   6.8071099662409145     
   6.8173983799833611     
   6.8279345742158073     
   6.8387209011474379     
   6.8497593739998930     
   6.8610516642788903     
   6.8725990995089461     
   6.8844026614342759     
   6.8964629846883030     
   6.9087803559335823     
   6.9213547134733089     
   6.9341856473349308     
   6.9472723998257555     
   6.9606138665598003     
   6.9742085979544868     
   6.9880548011951635     
   7.0021503426647813     
   7.0164927508354396     
   7.0310792196178724     
   7.0459066121643525     
   7.0609714651198399     
   7.0762699933156288     
   7.0917980948991275     
   7.1075513568928095     
   7.1235250611748251     
   7.1397141908731347     
   7.1561134371645396     
   7.1727172064693532     
   7.1895196280320022     
   7.2065145618772464     
   7.2236956071312672     
   7.2410561106963289     
   7.2585891762672601     
   7.2762876736775421     
   7.2941442485623256     
   7.3121513323252989     
   7.3303011523958759     
   7.3485857427628289     
   7.3669969547700687     
   7.3855264681599602     
   7.4041658023491825     
   7.4229063279218881     
   7.4417392783245422     
   7.4606557617466356     
   7.4796467731711349     
   7.4987032065783596     
   7.5178158672867443     
   7.5369754844137500     
   7.5561727234400520     
   7.5753981988599675     
   7.5946424869009856     
   7.6138961382951482     
   7.6331496910849932     
   7.6523936834466912     
   7.6716186665129982     
   7.6908152171786552     
   7.7099739508708671     
   7.7290855342675684     
   7.7481406979462246     
   7.7671302489460459     
   7.7860450832265649     
   7.8048761980057160     
   7.8236147039606818     
   7.8422518372749774     
   7.8607789715154484     
   7.8791876293230709     
   7.8974694939017391     
   7.9156164202894361     
   7.9336204463965423     
   7.9514738037963024     
   7.9691689282528388     
   7.9866984699724322     
