 ns1=[
   65.545402488389101     
   51.169087388085480     
  -129.16700799182942     
  -79.838091028206009     
  -102.28175196383962     
  -22.257844383690259     
   124.38931025531927     
   86.750835660229882     
   115.40283418303709     
  -12.615587074699365     
  -106.89857520145436     
  -74.721319909072932     
  -122.88336923647707     
   4.0340885269327043     
   100.26465596933760     
   103.10733231793429     
   109.82401346874866     
  -18.135513788085767     
  -92.404350572128209     
  -94.204957427328111     
  -103.39973171823580     
  -10.460136102363148     
   105.78458268269635     
   108.68615303223933     
   93.467516811037214     
   5.9891404978957841     
  -118.69628348274007     
  -73.603340154717031     
  -108.51650283733763     
  -32.728568892752143     
   169.56925714547691     
   58.828721337597301     
   65.545402488389101     
 ];
