 n1=[
   2.2763709761989475     
   4.9220450302405876     
   3.3718796102915443     
 -0.24918782545034268     
  -2.7494972121602066     
  -5.4161971170268686     
  -3.2970286362128935     
   7.3363816264860215E-002
   3.1993922274489108     
   5.3474363670340184     
   2.8345888763064857     
  0.18887083393067400     
  -3.0167501288544489     
  -5.3350956918922474     
  -3.2138307529246553     
 -0.12611045300726409     
   3.4521348219134360     
   5.1074178426732946     
   3.0045938530024925     
  0.12764050908953428     
  -3.0779804536960453     
  -5.1650907151960865     
  -3.4538492772852698     
  0.12663214145705076     
   3.2526605526415242     
   5.1906157259613108     
   3.0856952781373894     
 -0.13961240760491039     
  -2.6399217943151374     
  -5.7023814491807432     
  -3.0284579404920735     
   1.0496533927071285     
   2.2763709761989475     
 ];
