 ns0=[
   65.545402488389087     
   51.169087388085487     
  -129.16700799182942     
  -79.838091028206009     
  -102.28175196383961     
  -22.257844383690269     
   124.38931025531929     
   86.750835660229896     
   115.40283418303707     
  -12.615587074699345     
  -106.89857520145436     
  -74.721319909072946     
  -122.88336923647705     
   4.0340885269327025     
   100.26465596933758     
   103.10733231793432     
   109.82401346874865     
  -18.135513788085763     
  -92.404350572128209     
  -94.204957427328139     
  -103.39973171823578     
  -10.460136102363158     
   105.78458268269637     
   108.68615303223935     
   93.467516811037200     
   5.9891404978957956     
  -118.69628348274007     
  -73.603340154717046     
  -108.51650283733761     
  -32.728568892752165     
   169.56925714547691     
   58.828721337597301     
   65.545402488389087     
 ];
