This is the delta matrix: 
0.1	0.2	0.3	0.4	0.5	0.6	0.7	0.8	0.9
0.099172	0.19845	0.29782	0.39727	0.49678	0.59636	0.69599	0.79566	0.89537
0.098348	0.1969	0.29564	0.39453	0.49357	0.59272	0.69197	0.79132	0.89075
0.097527	0.19536	0.29347	0.39181	0.49035	0.58908	0.68797	0.78699	0.88614
0.09671	0.19382	0.2913	0.38908	0.48714	0.58545	0.68396	0.78266	0.88152
0.095897	0.19229	0.28913	0.38636	0.48393	0.58181	0.67996	0.77833	0.87691
0.095088	0.19076	0.28697	0.38364	0.48073	0.57818	0.67595	0.77401	0.8723
0.094282	0.18924	0.28481	0.38093	0.47753	0.57455	0.67195	0.76968	0.8677
0.093481	0.18773	0.28266	0.37822	0.47433	0.57092	0.66795	0.76536	0.86309
0.092683	0.18621	0.28051	0.37551	0.47113	0.5673	0.66395	0.76103	0.85848
0.09189	0.18471	0.27837	0.37281	0.46793	0.56367	0.65995	0.75671	0.85388
0.0911	0.1832	0.27623	0.37011	0.46474	0.56005	0.65595	0.75238	0.84927
0.090314	0.18171	0.2741	0.36741	0.46155	0.55643	0.65196	0.74806	0.84467
0.089533	0.18022	0.27198	0.36472	0.45836	0.55281	0.64796	0.74374	0.84006
0.088755	0.17873	0.26985	0.36204	0.45518	0.54919	0.64396	0.73941	0.83545
0.087981	0.17725	0.26774	0.35935	0.452	0.54557	0.63996	0.73508	0.83084
0.087212	0.17578	0.26563	0.35668	0.44882	0.54195	0.63596	0.73076	0.82623
0.086447	0.17431	0.26352	0.354	0.44564	0.53833	0.63196	0.72643	0.82162
0.085685	0.17285	0.26142	0.35133	0.44247	0.53472	0.62797	0.7221	0.817
0.084928	0.17139	0.25933	0.34867	0.4393	0.53111	0.62397	0.71776	0.81238
0.084175	0.16994	0.25724	0.34601	0.43613	0.52749	0.61997	0.71343	0.80776
0.083426	0.16849	0.25516	0.34335	0.43297	0.52388	0.61597	0.70909	0.80314
0.082682	0.16706	0.25309	0.34071	0.42981	0.52027	0.61197	0.70476	0.79851
0.081941	0.16562	0.25102	0.33806	0.42665	0.51667	0.60797	0.70042	0.79388
0.081205	0.1642	0.24896	0.33543	0.4235	0.51306	0.60397	0.69607	0.78925
0.080473	0.16278	0.24691	0.33279	0.42035	0.50946	0.59996	0.69173	0.78461
0.079745	0.16137	0.24486	0.33017	0.41721	0.50585	0.59596	0.68738	0.77997
0.079022	0.15996	0.24282	0.32755	0.41407	0.50226	0.59196	0.68304	0.77532
0.078303	0.15856	0.24079	0.32494	0.41094	0.49866	0.58796	0.67869	0.77068
0.077588	0.15717	0.23876	0.32233	0.40781	0.49507	0.58396	0.67434	0.76602
0.076877	0.15578	0.23674	0.31974	0.40468	0.49148	0.57996	0.66998	0.76137
0.076171	0.1544	0.23473	0.31714	0.40157	0.48789	0.57596	0.66563	0.75671
0.075469	0.15303	0.23273	0.31456	0.39845	0.48431	0.57197	0.66127	0.75205
0.074772	0.15167	0.23074	0.31199	0.39535	0.48073	0.56797	0.65692	0.74738
0.074078	0.15031	0.22875	0.30942	0.39225	0.47715	0.56398	0.65256	0.74271
0.073389	0.14896	0.22678	0.30686	0.38916	0.47358	0.55998	0.6482	0.73804
0.072705	0.14762	0.22481	0.30431	0.38607	0.47001	0.55599	0.64384	0.73336
0.072024	0.14628	0.22285	0.30176	0.383	0.46645	0.55201	0.63948	0.72869
0.071348	0.14495	0.2209	0.29923	0.37993	0.4629	0.54802	0.63512	0.72401
0.070677	0.14363	0.21896	0.29671	0.37686	0.45935	0.54404	0.63076	0.71932
0.07001	0.14231	0.21702	0.29419	0.37381	0.45581	0.54006	0.6264	0.71464
0.069347	0.14101	0.2151	0.29169	0.37076	0.45227	0.53609	0.62205	0.70995
0.068688	0.13971	0.21318	0.28919	0.36773	0.44874	0.53212	0.61769	0.70526
0.068034	0.13842	0.21128	0.2867	0.3647	0.44522	0.52815	0.61334	0.70057
0.067384	0.13713	0.20938	0.28423	0.36168	0.44171	0.5242	0.60898	0.69588
0.066739	0.13586	0.2075	0.28176	0.35868	0.4382	0.52024	0.60463	0.69118
0.066097	0.13459	0.20562	0.27931	0.35568	0.43471	0.51629	0.60029	0.68649
0.065461	0.13332	0.20376	0.27686	0.35269	0.43122	0.51235	0.59594	0.6818
0.064828	0.13207	0.2019	0.27443	0.34972	0.42774	0.50842	0.5916	0.67711
0.0642	0.13083	0.20005	0.27201	0.34675	0.42427	0.50449	0.58727	0.67242
0.063576	0.12959	0.19822	0.2696	0.3438	0.42081	0.50057	0.58294	0.66773
